41.66077,-91.6137255,41.7000861,-91.53467
41.66125,-91.53467
41.66077,-91.53469
41.66059,-91.53468
41.66037,-91.53469
41.66027,-91.53469
41.66021,-91.53473
41.66019,-91.53478
41.66017,-91.53485
41.6601799,-91.53553
41.6601799,-91.53569
41.6601799,-91.53583
41.66017,-91.53591
41.66016,-91.53601
41.66015,-91.5361099
41.66015,-91.53746
41.66016,-91.53752
41.66019,-91.53757
41.66023,-91.53761
41.66029,-91.5376299
41.66044,-91.5376299
41.66071,-91.5376299
41.66111,-91.5376299
41.6612099,-91.53764
41.66126,-91.53766
41.6613,-91.53769
41.66132,-91.53773
41.66134,-91.53779
41.66135,-91.53786
41.66135,-91.5380799
41.66135,-91.5385
41.66133,-91.53935
41.66131,-91.54056
41.66128,-91.54201
41.66128,-91.54273
41.66129,-91.5429
41.66132,-91.5430499
41.66137,-91.54321
41.66147,-91.5434
41.66158,-91.54355
41.66172,-91.54365
41.66183,-91.54367
41.662,-91.54366
41.66228,-91.54362
41.66236,-91.5436
41.66241,-91.54357
41.66246,-91.54355
41.66272,-91.54351
41.66276,-91.54353
41.66281,-91.54353
41.66285,-91.54353
41.66294,-91.54352
41.66304,-91.5435399
41.66313,-91.5436
41.6632,-91.54366
41.66325,-91.54374
41.6633,-91.54386
41.66333,-91.544
41.66334,-91.54419
41.66335,-91.54444
41.66335,-91.54476
41.66336,-91.54508
41.66337,-91.54539
41.66337,-91.5455999
41.6633799,-91.54567
41.6634,-91.54572
41.6634,-91.5458
41.6634,-91.54601
41.6633799,-91.54606
41.66336,-91.54612
41.66335,-91.54624
41.6633,-91.54653
41.66325,-91.5468
41.66319,-91.54709
41.66312,-91.54732
41.66302,-91.54761
41.6629099,-91.54792
41.66281,-91.54817
41.66278,-91.54826
41.66276,-91.54835
41.66274,-91.54843
41.66267,-91.54862
41.66264,-91.54867
41.6626,-91.5487
41.66258,-91.54874
41.66254,-91.5489
41.6625299,-91.54902
41.66254,-91.54916
41.66259,-91.5493
41.66264,-91.5494
41.66276,-91.54958
41.66289,-91.5497199
41.6629999,-91.54984
41.66316,-91.5499899
41.66323,-91.55006
41.66329,-91.55017
41.66335,-91.55026
41.6634,-91.55037
41.66343,-91.5504799
41.66352,-91.55096
41.66357,-91.55124
41.66372,-91.5521
41.66381,-91.55262
41.66387,-91.5528999
41.66397,-91.55321
41.66399,-91.55329
41.66398,-91.55336
41.66396,-91.55343
41.66387,-91.55351
41.66339,-91.55385
41.66321,-91.55398
41.66307,-91.55407
41.66297,-91.55413
41.66284,-91.55418
41.66229,-91.55436
41.66225,-91.55438
41.66221,-91.5544
41.6622,-91.55444
41.66219,-91.5545
41.66224,-91.55474
41.66231,-91.55505
41.66242,-91.55546
41.66254,-91.55591
41.66269,-91.5565
41.66297,-91.5575
41.66319,-91.55832
41.66327,-91.5585399
41.66335,-91.55874
41.66343,-91.55889
41.66354,-91.55905
41.66364,-91.55917
41.66377,-91.55928
41.66391,-91.55937
41.6640299,-91.55944
41.66418,-91.5594799
41.66434,-91.55951
41.66448,-91.55951
41.6646,-91.5595
41.66473,-91.55946
41.6648799,-91.5593899
41.66505,-91.55928
41.66522,-91.5591199
41.66539,-91.55889
41.6656199,-91.55847
41.6658199,-91.55814
41.66587,-91.55811
41.66592,-91.55811
41.66598,-91.55812
41.66603,-91.55815
41.66607,-91.55819
41.6661,-91.55823
41.66614,-91.55828
41.66616,-91.55834
41.66621,-91.55847
41.66623,-91.5585399
41.66623,-91.55859
41.66624,-91.55866
41.6664699,-91.55928
41.66704,-91.56067
41.66776,-91.56246
41.6683,-91.5638
41.66856,-91.5643599
41.66886,-91.56506
41.66904,-91.56551
41.66932,-91.56627
41.66937,-91.56635
41.66941,-91.56644
41.66945,-91.56652
41.66949,-91.56666
41.6695,-91.56673
41.6695,-91.56679
41.66951,-91.56687
41.66957,-91.56706
41.66981,-91.56788
41.67021,-91.56923
41.67067,-91.57083
41.67098,-91.57189
41.67134,-91.57312
41.67163,-91.57417
41.67188,-91.57504
41.67226,-91.57635
41.67246,-91.57698
41.6726,-91.57737
41.6729,-91.57818
41.67311,-91.57874
41.6732299,-91.57902
41.6733,-91.57919
41.67352,-91.57965
41.67386,-91.58035
41.67415,-91.58092
41.6743499,-91.58131
41.67468,-91.58193
41.675,-91.58257
41.67543,-91.58339
41.67591,-91.58436
41.6762,-91.58494
41.6766,-91.58572
41.67703,-91.58654
41.67756,-91.58763
41.67817,-91.58881
41.67879,-91.59002
41.67932,-91.59106
41.67992,-91.59224
41.68048,-91.59329
41.68077,-91.59383
41.68134,-91.59493
41.6820499,-91.5963
41.68286,-91.59786
41.68344,-91.599
41.68424,-91.60055
41.68495,-91.6019
41.68532,-91.60259
41.68574,-91.6033999
41.68619,-91.60428
41.68666,-91.60518
41.68699,-91.60584
41.68761,-91.60701
41.68782,-91.60738
41.68823,-91.60814
41.68846,-91.60857
41.6885,-91.60862
41.68855,-91.60864
41.68862,-91.60864
41.6888,-91.60856
41.6891,-91.6084599
41.68945,-91.60841
41.6897,-91.60841
41.6907799,-91.6084
41.69189,-91.60838
41.69328,-91.60836
41.69435,-91.60839
41.69506,-91.60843
41.69574,-91.60842
41.69582,-91.60844
41.69588,-91.60847
41.69594,-91.6085
41.69599,-91.60857
41.69601,-91.60865
41.69602,-91.60878
41.69602,-91.60912
41.69602,-91.60947
41.696,-91.60986
41.69598,-91.61014
41.69594,-91.61054
41.69586,-91.61135
41.6957499,-91.61248
41.69565,-91.61364
41.69564,-91.61374
41.6956599,-91.61382
41.69569,-91.61387
41.6957499,-91.61391
41.69679,-91.61409
41.69714,-91.61415
41.6973,-91.61418
41.69741,-91.61422
41.69751,-91.61426
41.69769,-91.6143699
41.69789,-91.61453
41.698,-91.61461
41.69805,-91.61463
41.69811,-91.61462
41.69814,-91.61459
41.69827,-91.6142799
41.69852,-91.61372
41.69863,-91.61341
41.69881,-91.61306
41.69905,-91.61268
41.69941,-91.61223
41.69988,-91.61175
41.70004,-91.61159
41.70019,-91.61139
41.7003,-91.6112
41.70039,-91.61097
41.70046,-91.61075
41.70049,-91.6105199
41.70051,-91.6102
41.70049,-91.61012
41.7004499,-91.61008
41.7004,-91.6100699
41.70009,-91.6100699
41.69887,-91.61006
41.69872,-91.61005
41.69864,-91.61003
41.69861,-91.60999
41.69859,-91.60993
41.69859,-91.60988
41.69861,-91.60983
41.69863,-91.60979
41.69868,-91.60975
41.69874,-91.60974
41.69881,-91.60974
41.69886,-91.60975
41.69891,-91.60977
41.69895,-91.60981
41.69898,-91.60985
41.699,-91.6099
41.69903,-91.60994
41.69908,-91.60997
41.69914,-91.6099799
41.69945,-91.6099799
41.7004,-91.60999
41.7004499,-91.6099799
41.70048,-91.60995
41.7005,-91.60991
41.7005,-91.60977
41.70049,-91.60879
41.70049,-91.60751
41.70048,-91.60695
41.7004499,-91.6067
41.7004,-91.6065
41.70031,-91.60629
41.70022,-91.60612
41.70009,-91.60594
41.69994,-91.60581
41.69982,-91.60572
41.69968,-91.60566
41.6995099,-91.60562
41.69935,-91.60561
41.69903,-91.60562
41.69879,-91.6056399
41.69862,-91.60563
41.6985,-91.60562
41.69836,-91.60556
41.69825,-91.60551
41.69808,-91.6054
41.69793,-91.60524
41.69778,-91.60503
41.69755,-91.60467
41.69736,-91.60435
41.69728,-91.60419
41.69721,-91.60403
41.69715,-91.60383
41.69712,-91.6035799
41.69708,-91.60316
41.69704,-91.60289
41.69698,-91.6027
41.6969,-91.60252
41.6968,-91.60236
41.6966899,-91.60222
41.69655,-91.60209
41.69643,-91.60197
41.6963099,-91.60181
41.69621,-91.60165
41.6961299,-91.60146
41.69607,-91.60128
41.69602,-91.60108
41.69601,-91.60088
41.69602,-91.60064
41.6961,-91.59998
41.69615,-91.59947
41.6961299,-91.5992
41.69608,-91.59895
41.69597,-91.59867
41.69587,-91.59844
41.69576,-91.59829
41.69562,-91.5981599
41.69546,-91.59801
41.69529,-91.59789
41.69517,-91.5977599
41.69505,-91.5976
41.69496,-91.59742
41.69489,-91.5972199
41.69485,-91.59701
41.69483,-91.59681
41.69483,-91.59663
41.69486,-91.59641
41.69497,-91.59556
41.69504,-91.59496
41.69508,-91.59473
41.69516,-91.59445
41.69532,-91.59396
41.69552,-91.59332
41.6955699,-91.59318
41.69562,-91.59306
41.69569,-91.59296
41.69577,-91.59286
41.69595,-91.59269
41.69611,-91.5925199
41.69618,-91.59242
41.69623,-91.59232
41.69626,-91.59225
41.69629,-91.59222
41.69633,-91.5922
41.69637,-91.5922
41.69644,-91.59223
41.69656,-91.5923
41.69794,-91.593
41.6986599,-91.59336
41.6987,-91.59336
41.69874,-91.59335
41.69876,-91.59331
41.69886,-91.5929699
41.69891,-91.59275
41.69892,-91.59258
41.69891,-91.5924299
41.69889,-91.59226
41.69879,-91.59196
41.6987,-91.59166
41.69863,-91.59142
41.6986,-91.59128
41.69859,-91.59116
41.6985699,-91.59096
41.69856,-91.59016
41.69856,-91.58958
41.69856,-91.58926
41.6985699,-91.5890299
41.6986,-91.58887
41.69864,-91.58868
41.69869,-91.58852
41.69878,-91.58835
41.69897,-91.58808
41.69942,-91.5875499
41.69952,-91.5874
41.69957,-91.58729
41.69962,-91.58713
41.69968,-91.58689
41.69976,-91.5866099
41.69984,-91.58641
41.69995,-91.58617
41.69996,-91.5861199
41.69994,-91.58607
41.6999,-91.58604
41.69973,-91.58591
41.69934,-91.58561
41.69865,-91.5850899
41.69856,-91.58503
41.69665,-91.58347
41.69644,-91.58332
41.69632,-91.58324
41.69615,-91.58316
41.6961,-91.58315
41.69605,-91.58315
41.69602,-91.58318
41.696,-91.58326
41.69598,-91.58344
41.69598,-91.58394
41.696,-91.58484
41.696,-91.58537
41.69601,-91.58568
41.696,-91.5858
41.69599,-91.58591
41.69595,-91.586
41.6959,-91.5861199
41.69582,-91.58623
41.69556,-91.58653
41.69552,-91.58658
41.69548,-91.5866099
41.69545,-91.58662
41.6954,-91.5866099
41.69536,-91.58655
41.69517,-91.5863
41.69498,-91.58601
41.69483,-91.58573
41.69474,-91.58545
41.69469,-91.58524
41.69466,-91.5849999
41.6946299,-91.58469
41.69465,-91.58438
41.69469,-91.5840599
41.69474,-91.58381
41.69478,-91.58362
41.69483,-91.58328
41.69487,-91.58301
41.69487,-91.58296
41.69484,-91.58291
41.69482,-91.58288
41.6947199,-91.58286
41.6942499,-91.58275
41.69375,-91.58262
41.69362,-91.58259
41.69352,-91.5825799
41.69338,-91.5825799
41.6929,-91.5825799
41.69203,-91.58259
41.6918,-91.5825799
41.69169,-91.5825799
41.69158,-91.58257
41.69142,-91.58254
41.69126,-91.58248
41.69105,-91.58238
41.69075,-91.58221
41.69056,-91.5821
41.69039,-91.58203
41.69023,-91.58197
41.69005,-91.58193
41.6898399,-91.5819099
41.68963,-91.5819
41.68894,-91.58186
41.68838,-91.58184
41.68804,-91.58183
41.68776,-91.58181
41.6875,-91.58176
41.68716,-91.58167
41.68685,-91.58157
41.68645,-91.58143
41.68602,-91.58128
41.68578,-91.58121
41.68556,-91.58118
41.68526,-91.5811499
41.68468,-91.5811
41.68351,-91.58099
41.68276,-91.58091
41.68254,-91.58087
41.68238,-91.58082
41.68221,-91.58072
41.68204,-91.5806
41.68189,-91.58048
41.68184,-91.58044
41.68177,-91.58041
41.6817,-91.58038
41.68162,-91.58037
41.68152,-91.58036
41.68143,-91.58035
41.68127,-91.58036
41.68024,-91.58039
41.67939,-91.58041
41.67855,-91.58043
41.6781,-91.58044
41.67727,-91.58045
41.67683,-91.58046
41.67657,-91.58048
41.67645,-91.5805
41.67637,-91.58052
41.6763199,-91.58054
41.67626,-91.58057
41.67615,-91.58066
41.67564,-91.58105
41.67546,-91.58116
41.67519,-91.58133
41.67501,-91.58144
41.6749,-91.5815
41.6747299,-91.5816399
41.67465,-91.58169
41.67459,-91.58171
41.67453,-91.5817
41.67447,-91.58168
41.67442,-91.58165
41.67439,-91.58161
41.67424,-91.58134
41.67378,-91.58046
41.67355,-91.57999
41.6733,-91.57944
41.67305,-91.57887
41.67279,-91.57823
41.67251,-91.57749
41.67226,-91.57674
41.67215,-91.57634
41.67195,-91.57567
41.67169,-91.5747899
41.6713499,-91.57361
41.6709699,-91.57232
41.6708,-91.57176
41.67048,-91.57069
41.67012,-91.56946
41.66964,-91.56779
41.66933,-91.56684
41.66908,-91.5661
41.66892,-91.56567
41.66887,-91.56555
41.66883,-91.56546
41.66879,-91.5653899
41.66875,-91.56532
41.66868,-91.56514
41.66866,-91.56507
41.66864,-91.565
41.66863,-91.56493
41.66862,-91.56488
41.66847,-91.56453
41.66804,-91.56354
41.66769,-91.56268
41.66725,-91.56159
41.66684,-91.56061
41.6662899,-91.55924
41.66594,-91.5582699
41.66576,-91.5577
41.66563,-91.55716
41.66551,-91.5565699
41.66545,-91.55612
41.66542,-91.55585
41.6654,-91.55577
41.66537,-91.55569
41.66533,-91.55558
41.66525,-91.55535
41.66516,-91.55513
41.66507,-91.55497
41.66496,-91.5548
41.66484,-91.55463
41.66471,-91.55446
41.66458,-91.5543
41.66448,-91.55416
41.6643199,-91.5539
41.66421,-91.55372
41.6641199,-91.5535699
41.66401,-91.5533899
41.6639399,-91.55323
41.66388,-91.55309
41.66383,-91.55293
41.66377,-91.55265
41.66368,-91.55213
41.66352,-91.5512
41.66348,-91.55099
41.66339,-91.55051
41.66336,-91.5504
41.66331,-91.55029
41.66325,-91.55019
41.66319,-91.55009
41.66312,-91.55002
41.66296,-91.54986
41.66285,-91.54975
41.66272,-91.54961
41.6626,-91.54943
41.66255,-91.54933
41.6625,-91.54919
41.66249,-91.54905
41.6625,-91.54893
41.6625299,-91.54877
41.66255,-91.5487
41.66257,-91.54862
41.66259,-91.54856
41.66263,-91.54845
41.66264,-91.54841
