41.6612,-91.6102692,41.75089,-91.53467
41.686,-91.58119
41.6863,-91.58129
41.68662,-91.58141
41.68689,-91.5815
41.68719,-91.58161
41.68752,-91.58169
41.68779,-91.58174
41.68806,-91.58176
41.68841,-91.58178
41.68896,-91.58179
41.68965,-91.58183
41.68987,-91.58184
41.69007,-91.58187
41.69025,-91.5819
41.69041,-91.58196
41.69059,-91.58203
41.6907799,-91.58214
41.69107,-91.58231
41.69122,-91.58239
41.69136,-91.58243
41.6915,-91.58248
41.69161,-91.5825
41.69171,-91.58251
41.69183,-91.58252
41.69205,-91.58252
41.6929299,-91.58251
41.69341,-91.58251
41.69354,-91.58252
41.69364,-91.58252
41.6937799,-91.58255
41.69427,-91.58268
41.69477,-91.58279
41.69507,-91.58287
41.69583,-91.58301
41.69599,-91.58305
41.6961,-91.58308
41.69629,-91.58315
41.69646,-91.58324
41.69667,-91.58341
41.69845,-91.58486
41.69939,-91.58557
41.69995,-91.58602
41.70046,-91.58641
41.70089,-91.58676
41.70139,-91.58715
41.70164,-91.58734
41.70182,-91.5874599
41.70193,-91.58751
41.70203,-91.58754
41.70227,-91.5876
41.70294,-91.58771
41.70334,-91.58777
41.70368,-91.58779
41.70395,-91.58779
41.70418,-91.58777
41.70459,-91.58775
41.70491,-91.58774
41.70528,-91.5877299
41.70557,-91.5877299
41.70604,-91.58772
41.70697,-91.58766
41.70809,-91.58759
41.70975,-91.58748
41.71054,-91.58743
41.71202,-91.58734
41.71254,-91.58731
41.7128299,-91.5873
41.71313,-91.58733
41.71337,-91.58738
41.71365,-91.58747
41.71392,-91.58762
41.7142399,-91.5878199
41.71483,-91.58824
41.71538,-91.58862
41.71595,-91.5890299
41.71669,-91.58954
41.71731,-91.59
41.71769,-91.59028
41.71804,-91.59058
41.71841,-91.5909099
41.71881,-91.59127
41.71916,-91.59156
41.71949,-91.59189
41.7197699,-91.59216
41.72,-91.59244
41.72022,-91.5926999
41.72044,-91.59298
41.72089,-91.59353
41.72129,-91.59403
41.7216,-91.59442
41.72177,-91.5946
41.72192,-91.59474
41.72207,-91.59483
41.7222,-91.59489
41.72231,-91.59493
41.7224,-91.59496
41.72249,-91.59497
41.72255,-91.59495
41.72262,-91.59493
41.72267,-91.5949
41.72273,-91.59484
41.72278,-91.59479
41.72285,-91.59477
41.72292,-91.59478
41.7229699,-91.59484
41.72301,-91.59492
41.723,-91.59504
41.72296,-91.59514
41.72292,-91.5952499
41.72291,-91.5954
41.72294,-91.5967
41.72295,-91.5975
41.7229699,-91.59799
41.72299,-91.59806
41.72302,-91.59811
41.72308,-91.59813
41.72413,-91.59813
41.7253,-91.59811
41.72717,-91.59806
41.72876,-91.59804
41.73126,-91.598
41.73382,-91.59799
41.73552,-91.59797
41.73661,-91.59796
41.73674,-91.59797
41.73681,-91.598
41.73687,-91.59804
41.7369,-91.59811
41.73691,-91.5982
41.73694,-91.59953
41.73695,-91.5997299
41.73697,-91.59994
41.73701,-91.60016
41.73706,-91.6003999
41.73724,-91.60078
41.73733,-91.60096
41.73739,-91.6011599
41.73746,-91.6015199
41.7375,-91.60182
41.73752,-91.60249
41.73753,-91.60297
41.73751,-91.60321
41.73747,-91.60339
41.7374099,-91.60356
41.7373199,-91.6037
41.7372299,-91.60386
41.73715,-91.60409
41.73712,-91.60431
41.7371,-91.6046
41.73711,-91.6050099
41.7371399,-91.60651
41.7371399,-91.60738
41.73716,-91.60749
41.7372299,-91.60758
41.73729,-91.60763
41.73738,-91.60765
41.73757,-91.60766
41.73768,-91.60768
41.73776,-91.60773
41.7378,-91.60781
41.73781,-91.60791
41.73784,-91.60947
41.73784,-91.60965
41.73785,-91.60976
41.73785,-91.61182
41.73786,-91.61194
41.7379,-91.61202
41.73797,-91.6120399
41.73805,-91.61203
41.73813,-91.61199
41.73824,-91.6119
41.73838,-91.61175
41.7397,-91.61026
41.73995,-91.60999
41.74048,-91.60939
41.74065,-91.6092
41.74083,-91.60902
41.74098,-91.6089499
41.74112,-91.6089
41.7413,-91.6089
41.74241,-91.6089
41.74462,-91.60892
41.74479,-91.60891
41.74484,-91.6089
41.74488,-91.60888
41.74491,-91.60885
41.7449299,-91.60881
41.7449299,-91.60874
41.74494,-91.60864
41.7449299,-91.60785
41.74495,-91.60771
41.745,-91.60762
41.74508,-91.60758
41.74521,-91.60756
41.74639,-91.60754
41.7485,-91.60753
41.74918,-91.6075199
41.74941,-91.60751
41.74969,-91.60751
41.75076,-91.60754
41.75082,-91.60751
41.75086,-91.60746
41.75088,-91.60738
41.75087,-91.60688
41.75087,-91.60671
41.75088,-91.60659
41.7509,-91.6064899
41.7509,-91.60641
41.75089,-91.60635
41.75085,-91.60629
41.75081,-91.60623
41.75077,-91.60619
41.75072,-91.60616
41.75067,-91.60615
41.75052,-91.60615
41.74945,-91.60617
41.74936,-91.60618
41.7493,-91.60617
41.74926,-91.6061299
41.74921,-91.60602
41.74916,-91.60592
41.74888,-91.60539
41.74868,-91.6050099
41.74861,-91.60485
41.74856,-91.6046999
41.74852,-91.60453
41.7485,-91.60435
41.7485,-91.60417
41.7485,-91.60346
41.7484899,-91.60229
41.74848,-91.6008
41.7484899,-91.59974
41.7484899,-91.5986099
41.7485,-91.59814
41.7484899,-91.59808
41.74846,-91.59805
41.74842,-91.59803
41.74832,-91.59803
41.74736,-91.59802
41.74616,-91.59802
41.74488,-91.59802
41.7438,-91.59802
41.742,-91.59802
41.74107,-91.59803
41.74018,-91.59803
41.73852,-91.59804
41.73701,-91.59804
41.73578,-91.59804
41.73438,-91.59806
41.73293,-91.59806
41.73137,-91.59808
41.73025,-91.59808
41.72891,-91.59811
41.72678,-91.5981599
41.7253,-91.59819
41.7240899,-91.5982
41.72304,-91.59823
41.72298,-91.59822
41.72295,-91.5982
41.72292,-91.59815
41.7229,-91.5981
41.72289,-91.59802
41.72288,-91.5975799
41.72288,-91.59681
41.72284,-91.59549
41.72282,-91.5953399
41.72279,-91.59523
41.72274,-91.59516
41.72267,-91.5951
41.7226,-91.59507
41.72252,-91.59505
41.72245,-91.59505
41.72236,-91.59503
41.72227,-91.59501
41.72216,-91.59497
41.7220299,-91.5949
41.72188,-91.59482
41.72173,-91.5946699
41.7215599,-91.5945
41.72125,-91.59411
41.72085,-91.59361
41.7204,-91.59306
41.72018,-91.59278
41.71996,-91.59251
41.71973,-91.59224
41.71945,-91.59197
41.7191199,-91.59164
41.71877,-91.59135
41.71837,-91.59099
41.718,-91.59066
41.71765,-91.59036
41.71727,-91.59008
41.71665,-91.58962
41.71591,-91.58911
41.71535,-91.5887
41.71479,-91.58832
41.7142,-91.5879
41.71389,-91.5877
41.71361,-91.58756
41.71333,-91.58745
41.71309,-91.5874
41.71279,-91.58738
41.7125,-91.58739
41.7119799,-91.58742
41.7105,-91.58751
41.70971,-91.58756
41.70805,-91.58767
41.70693,-91.58774
41.70605,-91.5878
41.7055099,-91.58785
41.70522,-91.58788
41.70485,-91.5879099
41.70455,-91.58793
41.7041899,-91.58796
41.70387,-91.58797
41.70364,-91.58796
41.7034,-91.58793
41.7031,-91.58786
41.70279,-91.58779
41.70224,-91.58766
41.702,-91.5876
41.7019,-91.58756
41.7018,-91.58752
41.7016599,-91.58744
41.70134,-91.58719
41.70116,-91.58704
41.70082,-91.58676
41.70013,-91.58621
41.69973,-91.58591
41.69934,-91.58561
41.69856,-91.58503
41.69665,-91.58347
41.69644,-91.58332
41.69632,-91.58324
41.69615,-91.58316
41.69605,-91.58313
41.6959,-91.58309
41.69501,-91.58291
41.69497,-91.58289
41.69494,-91.58287
41.69492,-91.58284
41.6948999,-91.5828
41.6948999,-91.58273
41.69498,-91.58154
41.695,-91.58127
41.69499,-91.58104
41.69496,-91.58081
41.69494,-91.58067
41.69492,-91.58056
41.69489,-91.58044
41.69476,-91.58014
41.69442,-91.57932
41.69421,-91.57884
41.69394,-91.57817
41.69376,-91.57774
41.69363,-91.57736
41.69354,-91.57701
41.69346,-91.5766699
41.69341,-91.57638
41.69336,-91.57607
41.6933,-91.57542
41.6933,-91.5750599
41.6933,-91.57473
41.69333,-91.57448
41.69349,-91.57332
41.69351,-91.57307
41.69352,-91.57293
41.69353,-91.57228
41.69351,-91.5716
41.69351,-91.57117
41.69349,-91.5708499
41.69347,-91.57059
41.69343,-91.57034
41.69312,-91.56908
41.69295,-91.56838
41.69277,-91.56765
41.69269,-91.56735
41.69267,-91.56715
41.69267,-91.56699
41.69265,-91.56687
41.69262,-91.56679
41.69258,-91.56674
41.69251,-91.56668
41.69234,-91.56658
41.69205,-91.56636
41.69187,-91.56622
41.6916,-91.56601
41.69103,-91.56556
41.69046,-91.56508
41.69019,-91.56486
41.68994,-91.56469
41.6898,-91.5646
41.6895499,-91.56448
41.68934,-91.56439
41.68907,-91.56431
41.68885,-91.56426
41.68864,-91.56423
41.68851,-91.56422
41.68835,-91.56421
41.68817,-91.56422
41.68792,-91.56425
41.68752,-91.56433
41.6871,-91.56443
41.68678,-91.56451
41.6865499,-91.56457
41.68606,-91.56469
41.68551,-91.56483
41.68438,-91.5651199
41.68392,-91.56526
41.68367,-91.56533
41.6835499,-91.56534
41.68344,-91.56533
41.68334,-91.56532
41.68323,-91.56532
41.68313,-91.56532
41.68305,-91.56533
41.68259,-91.56547
41.68209,-91.56561
41.68195,-91.56564
41.68181,-91.56567
41.6816699,-91.56569
41.68154,-91.5657
41.68081,-91.56572
41.68067,-91.56573
41.68054,-91.56575
41.68044,-91.56578
41.68036,-91.56583
41.68027,-91.56588
41.68019,-91.56591
41.68011,-91.56593
41.68002,-91.56593
41.67907,-91.566
41.67835,-91.56604
41.67733,-91.5660599
41.67677,-91.56607
41.67644,-91.56608
41.67601,-91.56609
41.67587,-91.56609
41.6756699,-91.56609
41.67547,-91.56607
41.67532,-91.56605
41.67508,-91.56601
41.67448,-91.56588
41.6743,-91.56587
41.67415,-91.56586
41.67394,-91.56583
41.6736999,-91.56579
41.67346,-91.56572
41.67331,-91.56568
41.67312,-91.56563
41.67261,-91.5655699
41.67174,-91.56556
41.67054,-91.56554
41.67025,-91.56554
41.66977,-91.56552
41.66968,-91.56552
41.6696,-91.56553
41.66954,-91.56554
41.66946,-91.5655699
41.66937,-91.56562
41.66926,-91.56568
41.66921,-91.56571
41.66916,-91.56574
41.6691,-91.56575
41.66905,-91.56575
41.6689999,-91.56573
41.66896,-91.56571
41.66892,-91.56567
41.66887,-91.56555
41.66883,-91.56546
41.66879,-91.5653899
41.66875,-91.56532
41.66868,-91.56514
41.66866,-91.56507
41.66864,-91.565
41.66863,-91.56493
41.66862,-91.56488
41.66847,-91.56453
41.66804,-91.56354
41.66769,-91.56268
41.66725,-91.56159
41.66684,-91.56061
41.6662899,-91.55924
41.66594,-91.5582699
41.66576,-91.5577
41.66563,-91.55716
41.66551,-91.5565699
41.66545,-91.55612
41.66542,-91.55585
41.6654,-91.55577
41.66537,-91.55569
41.66533,-91.55558
41.66525,-91.55535
41.66516,-91.55513
41.66507,-91.55497
41.66496,-91.5548
41.66484,-91.55463
41.66471,-91.55446
41.66458,-91.5543
41.66448,-91.55416
41.6643199,-91.5539
41.66421,-91.55372
41.6641199,-91.5535699
41.66401,-91.5533899
41.6639399,-91.55323
41.66388,-91.55309
41.66383,-91.55293
41.66377,-91.55265
41.66368,-91.55213
41.66352,-91.5512
41.66348,-91.55099
41.66339,-91.55051
41.66336,-91.5504
41.66331,-91.55029
41.66325,-91.55019
41.66319,-91.55009
41.66312,-91.55002
41.66296,-91.54986
41.66285,-91.54975
41.66272,-91.54961
41.6626,-91.54943
41.66255,-91.54933
41.6625,-91.54919
41.66249,-91.54905
41.6625,-91.54893
41.6625299,-91.54877
41.66255,-91.5487
41.66257,-91.54862
41.66259,-91.54856
41.66263,-91.54845
41.66264,-91.54841
41.66269,-91.54833
41.66273,-91.54829
41.66276,-91.54822
41.66284,-91.54797
41.66295,-91.54765
41.66305,-91.54736
41.66312,-91.54714
41.66319,-91.54686
41.66324,-91.54657
41.66328,-91.54628
41.66331,-91.546
41.66332,-91.5457
41.66333,-91.54544
41.66332,-91.54539
41.66331,-91.54533
41.66329,-91.54528
41.66328,-91.54522
41.66328,-91.5451099
41.66328,-91.5450199
41.6633,-91.54495
41.66331,-91.54489
41.66331,-91.54481
41.6633,-91.54449
41.66329,-91.54424
41.66328,-91.54405
41.66326,-91.54391
41.66321,-91.54379
41.66316,-91.54371
41.6630899,-91.54365
41.6629999,-91.54359
41.6629,-91.54357
41.6628,-91.54358
41.66266,-91.5436
41.66249,-91.5436299
41.66223,-91.54367
41.66195,-91.54371
41.66179,-91.5437199
41.6616799,-91.5437
41.66154,-91.5436
41.66143,-91.54345
41.66132,-91.54326
41.66127,-91.5431
41.66122,-91.5429599
41.6612,-91.5427799
41.66119,-91.5425
41.6612,-91.54198
41.6612,-91.54132
41.6612,-91.54095
41.6612,-91.54065
41.6612,-91.54049
41.6612,-91.54034
41.66119,-91.53994
41.6612099,-91.53925
41.66123,-91.53892
41.66124,-91.5378999
41.66125,-91.5378
41.66126,-91.53774
41.66128,-91.5377
41.66132,-91.53766
41.66138,-91.53764
41.66149,-91.5376299
41.66236,-91.53762
41.66242,-91.53759
41.66246,-91.53755
41.66248,-91.53749
41.66248,-91.53742
41.66246,-91.53579
41.66246,-91.53484
41.66246,-91.53476
41.6624399,-91.5347
41.66242,-91.53466
41.66238,-91.53465
41.66195,-91.53466
41.66125,-91.53467
