41.6390301,-91.53775,41.66017,-91.5115703
41.65114,-91.53457
41.65113,-91.53542
41.65116,-91.53607
41.65117,-91.53615
41.65119,-91.53619
41.65124,-91.53621
41.6513599,-91.53621
41.65215,-91.53621
41.65269,-91.53621
41.65317,-91.5361999
41.65384,-91.53618
41.65431,-91.53618
41.65539,-91.53617
41.65625,-91.53616
41.6565299,-91.53616
41.65658,-91.53616
41.65661,-91.53618
41.65664,-91.53622
41.65665,-91.53626
41.65665,-91.53644
41.65666,-91.53751
41.65666,-91.53757
41.65668,-91.53761
41.6567,-91.53764
41.65674,-91.53766
41.6567999,-91.53767
41.65736,-91.53766
41.6576499,-91.53766
41.65794,-91.53765
41.65828,-91.53764
41.65854,-91.53764
41.65872,-91.53764
41.65899,-91.53765
41.65926,-91.53765
41.65948,-91.53764
41.6599,-91.53764
41.65998,-91.53761
41.66004,-91.53757
41.66008,-91.53749
41.66008,-91.53739
41.66008,-91.5358399
41.66008,-91.53558
41.66007,-91.53545
41.66005,-91.5353499
41.66005,-91.53527
;
41.6458299,-91.512
41.6458299,-91.51215
;
41.66017,-91.5359
41.66016,-91.53601
41.66015,-91.5361099
41.66015,-91.53753
41.66014,-91.5376299
41.6600899,-91.5377
41.66004,-91.53773
41.65997,-91.53775
41.65954,-91.53775
41.65921,-91.53775
41.65886,-91.53775
41.65841,-91.53775
41.65806,-91.53776
41.6567999,-91.53778
41.65674,-91.53776
41.65669,-91.53774
41.65665,-91.53769
41.6566199,-91.53762
41.65661,-91.53753
41.6566,-91.5374
41.65659,-91.53642
41.65659,-91.53635
41.65657,-91.53631
41.65655,-91.53627
41.65652,-91.53625
41.65649,-91.53624
41.65598,-91.53624
41.65529,-91.53625
41.65454,-91.53626
41.65397,-91.53626
41.6532,-91.53628
41.65248,-91.5362899
41.65173,-91.5362899
41.65123,-91.53628
41.65116,-91.53627
41.65112,-91.53626
41.65109,-91.53623
41.65106,-91.5361999
41.65105,-91.53616
41.65104,-91.53608
41.65105,-91.53581
41.65105,-91.5354
41.65105,-91.53514
41.65104,-91.53504
41.65102,-91.53494
41.6509799,-91.53487
41.65095,-91.53483
41.6509,-91.5348
41.65084,-91.53478
41.65078,-91.53477
41.6506,-91.53477
41.65,-91.53478
41.6496799,-91.53477
41.6496,-91.53475
41.64955,-91.53471
41.6495,-91.53466
41.64946,-91.53459
41.64942,-91.5345
41.64941,-91.53442
41.6494,-91.5343199
41.64941,-91.5338699
41.6494,-91.53348
41.6494,-91.5331999
41.6493899,-91.53288
41.6493899,-91.53219
;
41.64593,-91.52332
41.64593,-91.52359
41.64593,-91.5238
41.6459,-91.52403
41.64587,-91.52421
41.64585,-91.52437
41.64585,-91.52457
41.64584,-91.52506
41.64585,-91.52591
41.64584,-91.52697
41.64584,-91.52775
41.6458299,-91.5288099
41.64582,-91.53037
41.64582,-91.5313199
41.64582,-91.53162
41.6458299,-91.53179
41.64585,-91.53187
41.64589,-91.53192
41.64593,-91.53194
41.64602,-91.53194
41.6462,-91.53194
41.64671,-91.53194
41.64739,-91.53195
41.64814,-91.53195
41.64934,-91.53194
41.64941,-91.53195
41.64946,-91.5319899
41.6494799,-91.53205
41.6494799,-91.53219
41.6494799,-91.5328
41.64949,-91.53295
41.64953,-91.53306
41.64959,-91.53314
41.64969,-91.53319
41.64988,-91.5331999
41.6506,-91.53319
41.65085,-91.5331999
41.65092,-91.53321
41.651,-91.53326
41.65106,-91.53333
41.6511,-91.53343
41.65113,-91.53358
41.65113,-91.5339599
41.65114,-91.53457
;
41.6493899,-91.53219
41.6493899,-91.53213
41.64937,-91.5321
41.64935,-91.53207
41.64932,-91.53206
41.64927,-91.53205
41.64895,-91.53206
41.64844,-91.53206
41.64744,-91.53206
41.64689,-91.53207
41.64656,-91.53207
41.64642,-91.5320799
41.6462999,-91.5320799
41.64607,-91.5321
41.64587,-91.53214
41.64564,-91.5322
41.64548,-91.53228
41.64529,-91.53239
41.64509,-91.53254
41.64481,-91.53279
41.64464,-91.53294
41.64445,-91.53308
41.64425,-91.53322
41.6440399,-91.53334
41.64388,-91.53341
41.64373,-91.53347
41.64343,-91.53356
41.64324,-91.53359
41.64302,-91.5336
41.64278,-91.5336
41.64227,-91.5336
41.64156,-91.53361
41.64106,-91.53359
41.64082,-91.53356
41.64075,-91.53352
41.6407,-91.53348
41.64067,-91.53341
41.64065,-91.53332
41.64065,-91.53313
41.64065,-91.53196
41.64065,-91.53033
41.64064,-91.52893
41.64064,-91.52786
41.64063,-91.5263499
41.64061,-91.52512
41.64061,-91.5250499
41.64059,-91.52501
41.64056,-91.52499
41.64052,-91.52498
41.64022,-91.52498
41.6397199,-91.52498
41.63917,-91.52498
41.63912,-91.5249599
41.63909,-91.52493
41.63906,-91.52489
41.63906,-91.52483
41.63904,-91.52367
41.63904,-91.52253
41.63904,-91.5213799
41.63903,-91.52065
41.63903,-91.52057
41.63904,-91.52051
41.63906,-91.52047
41.6391,-91.52045
41.63915,-91.5204399
41.63951,-91.5204399
;
41.6601799,-91.53583
41.66017,-91.5359
;
41.6458299,-91.51215
41.6458299,-91.51348
41.64582,-91.5147099
41.64581,-91.51593
41.64581,-91.51691
41.64581,-91.51808
41.64582,-91.51907
41.6458299,-91.51992
41.6458299,-91.52046
41.6458299,-91.52056
41.64585,-91.52068
41.64588,-91.52083
41.6459,-91.52096
41.6459199,-91.52115
41.6459199,-91.52158
41.64593,-91.52263
41.64593,-91.52332
;
41.6408,-91.52042
41.64087,-91.52043
41.64093,-91.52043
41.64097,-91.52046
41.64101,-91.5205
41.64103,-91.52055
41.64105,-91.5206199
41.64106,-91.52084
41.64105,-91.522
41.64107,-91.52207
41.64109,-91.52211
41.64112,-91.5221399
41.64117,-91.52217
41.64126,-91.5222
41.64134,-91.52226
41.6414,-91.52231
41.64147,-91.52238
41.64154,-91.52247
41.64159,-91.52253
41.64162,-91.52256
41.64167,-91.52256
41.64172,-91.52254
41.64219,-91.52228
41.64234,-91.5222
41.64237,-91.52216
41.64241,-91.52213
41.64242,-91.52208
41.64243,-91.52202
41.64241,-91.52193
41.64234,-91.52167
41.64211,-91.52087
41.6419,-91.52021
41.6417,-91.51953
41.6415,-91.51883
41.64143,-91.51854
41.64135,-91.51819
41.64127,-91.5178
41.6412,-91.5173499
41.64116,-91.51698
41.64111,-91.51657
41.64109,-91.51616
41.64108,-91.51578
41.64107,-91.51536
41.64107,-91.51449
41.64107,-91.51371
41.64107,-91.51327
41.64107,-91.51289
41.64108,-91.5125599
41.6411,-91.51215
41.6411,-91.51182
41.64112,-91.51174
41.64116,-91.51166
41.64121,-91.5116199
41.64127,-91.5116
41.64139,-91.5116
41.64195,-91.5116
41.64272,-91.51159
41.643,-91.51159
41.64347,-91.51158
41.6439,-91.51157
41.64477,-91.51154
41.64565,-91.5115299
41.64571,-91.51155
41.64575,-91.51158
41.6458,-91.51163
41.64582,-91.51169
41.64582,-91.51178
41.6458299,-91.512
;
41.63951,-91.5204399
41.6408,-91.52042
;
