41.66015,-91.5565264,41.68426,-91.5320302
41.66017,-91.5359
41.66016,-91.53601
41.66015,-91.5361099
41.66015,-91.53746
41.66016,-91.53752
41.66019,-91.53757
41.66023,-91.53761
41.66029,-91.5376299
41.66044,-91.5376299
41.66071,-91.5376299
41.6612099,-91.5376299
41.66236,-91.53762
41.66242,-91.53759
41.66246,-91.53755
41.66248,-91.53749
41.66248,-91.53742
41.66246,-91.53579
41.66246,-91.53484
41.66246,-91.53439
41.66245,-91.53325
41.66245,-91.53318
41.66247,-91.53312
41.6625,-91.53308
41.66254,-91.53304
41.6626,-91.53303
41.66346,-91.53301
41.66466,-91.533
41.66569,-91.53298
41.66636,-91.53297
41.66785,-91.53295
41.66812,-91.53295
41.66915,-91.5329299
41.66968,-91.53292
41.67038,-91.53286
41.6711,-91.5328
41.67138,-91.53276
41.67165,-91.53272
41.67228,-91.53263
41.67295,-91.53257
;
41.67295,-91.53257
41.6734099,-91.53256
41.6736099,-91.53258
41.67442,-91.53265
41.67472,-91.53263
41.67512,-91.53257
41.67546,-91.53248
41.67687,-91.53203
41.67702,-91.532
41.67722,-91.53196
41.67743,-91.53194
41.67768,-91.53191
41.6778199,-91.53191
41.67798,-91.53193
41.67813,-91.5319899
41.67826,-91.53204
41.67839,-91.53211
41.67852,-91.53219
41.67864,-91.53228
41.67884,-91.53247
41.67922,-91.5328
41.67956,-91.5331
41.67981,-91.53342
41.68005,-91.5337799
41.6802599,-91.5341399
41.68047,-91.53447
41.68061,-91.53471
41.68083,-91.53502
41.6809299,-91.53516
41.68099,-91.53525
41.6810199,-91.53531
41.68104,-91.53539
41.68104,-91.53545
41.68103,-91.53554
41.681,-91.53562
41.68098,-91.53571
41.68096,-91.53581
41.68095,-91.53591
41.68095,-91.53606
41.68098,-91.53627
41.68107,-91.53701
41.68114,-91.5377
;
41.67192,-91.53285
41.67131,-91.5329299
41.67099,-91.53297
41.67027,-91.53303
41.66957,-91.53305
41.66905,-91.53306
41.66813,-91.53308
41.66744,-91.53309
41.667,-91.5331
41.6659099,-91.5331
41.6648,-91.5331099
41.66372,-91.53313
;
41.6601799,-91.53552
41.6601799,-91.53569
41.6601799,-91.53583
41.66017,-91.5359
;
41.68426,-91.54052
41.68421,-91.54053
41.68417,-91.54052
41.68414,-91.54047
41.68413,-91.54038
41.6841,-91.54027
41.68407,-91.54018
41.68401,-91.54008
41.6839299,-91.5399599
41.68381,-91.53985
41.68368,-91.53973
41.68348,-91.53956
41.6830799,-91.53924
41.68262,-91.53886
41.6821399,-91.53846
41.68187,-91.53829
41.6815799,-91.53814
41.68132,-91.5379899
41.68123,-91.53795
41.68119,-91.53792
41.68115,-91.53788
41.68112,-91.53784
41.6811,-91.53778
41.68107,-91.53756
41.68104,-91.53733
41.68094,-91.5366
41.68088,-91.53613
41.68087,-91.53597
41.68087,-91.53583
41.68089,-91.53567
41.6809299,-91.53554
41.68094,-91.53545
41.68094,-91.53539
41.68092,-91.53533
41.68089,-91.53529
41.68071,-91.5350799
41.68039,-91.53464
41.68012,-91.5342299
41.67989,-91.53386
41.67969,-91.53358
41.67955,-91.53343
41.67945,-91.53332
41.67929,-91.53316
41.67911,-91.5330199
41.67884,-91.5328399
41.67855,-91.53267
41.67834,-91.53257
41.67814,-91.53249
41.67795,-91.53243
41.67781,-91.5324
41.6776399,-91.53238
41.67745,-91.53237
41.6772599,-91.53237
41.67701,-91.53239
41.6766099,-91.53247
41.67624,-91.53258
41.67574,-91.5327
41.67527,-91.53278
41.67471,-91.53282
41.67429,-91.53283
41.67375,-91.53278
41.67318,-91.53272
41.67293,-91.53272
41.67266,-91.5327499
41.67192,-91.53285
;
41.66372,-91.53313
41.66367,-91.53315
41.66363,-91.53319
41.66361,-91.5332899
41.66362,-91.5344
41.66362,-91.53448
41.66361,-91.53453
41.66358,-91.53457
41.66355,-91.5346
41.66351,-91.53461
41.66345,-91.53462
41.6626199,-91.53464
41.66195,-91.53466
41.66125,-91.53467
41.66077,-91.53469
41.66059,-91.53468
41.66037,-91.53469
41.66027,-91.53469
41.66021,-91.53473
41.66019,-91.53478
41.66017,-91.53485
41.6601799,-91.53552
;
41.67716,-91.55458
41.6772,-91.5552
41.67725,-91.55626
41.67725,-91.55641
41.67724,-91.55649
41.67721,-91.5565699
41.6771699,-91.55663
41.67713,-91.55668
41.67707,-91.55673
41.67664,-91.55705
41.6766,-91.55706
41.67656,-91.55705
41.67653,-91.55703
41.6765,-91.55699
41.67642,-91.55682
41.67631,-91.55652
41.6760499,-91.55588
41.67593,-91.55558
41.67591,-91.55551
41.6759,-91.5554499
41.6759,-91.55539
41.67593,-91.55535
41.67601,-91.55529
41.67655,-91.55488
41.67667,-91.5547799
41.67674,-91.55473
41.6767899,-91.55471
41.67687,-91.5546899
41.67701,-91.55467
41.67706,-91.55467
41.67709,-91.55465
41.67711,-91.55461
41.67711,-91.55457
41.67711,-91.55446
41.6771,-91.55432
41.67711,-91.55418
41.67715,-91.554
41.67722,-91.55378
41.67731,-91.55363
41.67741,-91.55349
41.67752,-91.55338
41.67769,-91.55327
41.67787,-91.55319
41.6780199,-91.55317
41.67819,-91.55318
41.67859,-91.55319
41.6789599,-91.5532
41.67909,-91.55319
41.6792,-91.55316
41.67932,-91.5531
41.67942,-91.55304
41.67953,-91.55294
41.67962,-91.55284
41.67971,-91.5527
41.6797899,-91.55253
41.67985,-91.55237
41.67988,-91.5522
41.67989,-91.55204
41.6799,-91.55188
41.67991,-91.55128
41.67991,-91.55021
41.67993,-91.5482
41.67994,-91.5475
41.67996,-91.54644
41.67996,-91.5461
41.67995,-91.54549
41.67996,-91.54527
41.67997,-91.54509
41.68001,-91.5449
41.68006,-91.54471
41.68013,-91.54452
41.68022,-91.5443
41.6804,-91.54394
41.68063,-91.54344
41.6808,-91.54299
41.68096,-91.54248
41.68116,-91.54187
41.68126,-91.54154
41.68131,-91.54137
41.68135,-91.5412
41.68138,-91.54104
41.68139,-91.54089
41.6813999,-91.54071
41.6813999,-91.54055
41.68139,-91.54036
41.68137,-91.54012
41.68135,-91.53994
41.68132,-91.53962
41.68119,-91.53854
41.68113,-91.53805
41.68113,-91.5379899
41.68114,-91.53793
41.68117,-91.5378999
41.68121,-91.53789
41.68127,-91.5378999
41.68137,-91.53795
41.68169,-91.53812
41.68198,-91.53828
41.68227,-91.53848
41.68259,-91.53873
41.68289,-91.53898
41.68329,-91.53933
41.68371,-91.53967
41.68395,-91.53989
41.68406,-91.54003
41.68412,-91.54016
41.68417,-91.54029
41.6842,-91.54036
41.68425,-91.5404
41.68428,-91.54042
41.68429,-91.54046
41.68426,-91.54052
;
41.68114,-91.5377
41.68125,-91.53862
41.6813999,-91.53994
41.68143,-91.5402299
41.68145,-91.54044
41.68145,-91.54064
41.68145,-91.54084
41.68142,-91.54106
41.68139,-91.54127
41.68134,-91.54149
41.68121,-91.54194
41.68086,-91.54298
41.68074,-91.54333
41.6805499,-91.54375
41.68027,-91.54435
41.6801699,-91.54456
41.6801,-91.5447499
41.68005,-91.54494
41.68001,-91.54521
41.68,-91.54544
41.68001,-91.54574
41.68001,-91.54614
41.68001,-91.5466299
41.68,-91.54742
41.67998,-91.54833
41.67997,-91.54974
41.67996,-91.55104
41.67995,-91.55199
41.67994,-91.55218
41.67991,-91.55237
41.67987,-91.55252
41.6797899,-91.5527
41.67971,-91.55284
41.6796,-91.55297
41.67951,-91.55306
41.6794,-91.55314
41.6793,-91.55319
41.67922,-91.55323
41.67912,-91.55326
41.679,-91.55327
41.67886,-91.55327
41.67853,-91.55326
41.67807,-91.55325
41.67797,-91.55325
41.67786,-91.55327
41.67778,-91.55329
41.67767,-91.55336
41.67756,-91.55343
41.67745,-91.55354
41.67737,-91.55364
41.6773,-91.55376
41.67725,-91.55386
41.67721,-91.55396
41.67719,-91.55405
41.6771699,-91.55415
41.67716,-91.55428
41.67715,-91.55443
41.67716,-91.55458
