41.66004,-91.53552,41.6902849,-91.48391
41.66398,-91.52577
41.66366,-91.52577
41.6636,-91.52577
41.6635599,-91.5258
41.66354,-91.52584
41.66354,-91.52589
41.6635599,-91.52704
41.66358,-91.52854
41.66358,-91.52871
41.66358,-91.52997
41.66359,-91.53128
41.66359,-91.53144
41.6636,-91.5329
41.66361,-91.5332899
41.66362,-91.5344
41.66362,-91.53448
41.66361,-91.53453
41.66358,-91.53457
41.66355,-91.5346
41.66351,-91.53461
41.66345,-91.53462
41.6626199,-91.53464
41.66195,-91.53466
41.66125,-91.53467
41.66077,-91.53469
41.66059,-91.53468
41.66037,-91.53469
41.66027,-91.53469
41.66021,-91.53473
41.66019,-91.53478
41.66017,-91.53485
41.6601799,-91.53552
;
41.66679,-91.48703
41.66666,-91.4871
41.66655,-91.48715
41.66643,-91.48719
41.66632,-91.4872199
41.6662,-91.48724
41.66608,-91.48725
41.66594,-91.48725
41.66579,-91.48725
41.66556,-91.48724
41.66534,-91.48723
41.66519,-91.4872199
41.66511,-91.48721
41.66503,-91.48718
41.66496,-91.48715
41.6649,-91.48711
41.66485,-91.48706
41.66478,-91.48696
41.66467,-91.48675
41.66456,-91.48648
41.6644999,-91.48631
41.66443,-91.4861899
41.66437,-91.48613
41.6643,-91.48607
41.66423,-91.48603
41.66414,-91.4860099
41.66406,-91.486
41.66396,-91.486
41.66386,-91.486
41.66333,-91.48602
41.66245,-91.48604
41.66231,-91.48604
41.66223,-91.48603
41.66216,-91.48602
41.6621,-91.48598
41.66204,-91.48593
41.66195,-91.48585
41.66184,-91.48574
41.66171,-91.48555
41.66157,-91.48535
41.66137,-91.4850699
41.66122,-91.48485
41.66115,-91.48473
41.6611,-91.48459
41.66105,-91.48443
41.6610299,-91.4843099
41.66101,-91.48424
41.66098,-91.48416
41.66093,-91.48409
41.66088,-91.48402
41.66078,-91.48396
41.66067,-91.48393
41.6605599,-91.48391
41.66043,-91.48391
41.66029,-91.48391
41.6602,-91.48392
41.66015,-91.48394
41.66013,-91.48397
41.66012,-91.48403
41.66012,-91.48428
41.66014,-91.48468
41.66016,-91.48482
41.66019,-91.48496
41.66024,-91.48511
41.66029,-91.48523
41.66034,-91.48533
41.66048,-91.48555
41.66069,-91.48583
41.66082,-91.4860099
41.66091,-91.48617
41.66098,-91.48632
41.6610299,-91.48651
41.66107,-91.48669
41.6611,-91.48689
41.6611,-91.4871299
41.6611,-91.48766
41.66108,-91.48814
41.66107,-91.48906
41.66105,-91.49028
41.66105,-91.49063
41.6610299,-91.49077
41.66102,-91.4908899
41.66099,-91.49102
41.66093,-91.49119
41.66088,-91.49132
41.66081,-91.49147
41.6607399,-91.49162
41.66067,-91.4918
41.66063,-91.49197
41.6606,-91.49207
41.66058,-91.49217
41.66057,-91.49226
41.6605599,-91.49243
41.6605599,-91.4927699
41.66055,-91.49391
41.66055,-91.49526
41.66054,-91.49677
41.66053,-91.49834
41.66054,-91.49841
41.6605599,-91.49845
41.6606,-91.49847
41.66066,-91.49848
41.66114,-91.49848
41.66124,-91.49846
41.6613,-91.49844
41.6614,-91.49839
41.66154,-91.49828
41.66202,-91.49789
41.6624,-91.49758
41.6626,-91.49744
41.66279,-91.49735
41.66296,-91.49731
41.6630899,-91.49729
41.66373,-91.49726
41.66393,-91.4972499
41.6641199,-91.49721
41.66431,-91.49718
41.6644999,-91.49712
41.66468,-91.49705
41.66479,-91.49697
41.6649,-91.49685
41.66499,-91.4967099
41.6651,-91.4965
41.66523,-91.49629
41.66536,-91.49611
41.66551,-91.49596
41.66567,-91.49587
41.66578,-91.49582
41.66592,-91.49579
41.66611,-91.4957699
41.66651,-91.49573
41.66662,-91.4957
41.66671,-91.49566
41.66677,-91.49562
41.66682,-91.49558
;
41.69028,-91.49766
41.69024,-91.49757
41.6902,-91.49752
41.69016,-91.49749
41.6901,-91.49748
41.69004,-91.49749
41.68996,-91.49753
41.68967,-91.49773
41.68938,-91.49789
41.68872,-91.49827
41.6881,-91.49869
41.68748,-91.49914
41.6867,-91.49968
41.68571,-91.50037
41.68533,-91.5006499
41.68503,-91.50093
41.68479,-91.50122
41.68464,-91.50144
41.68448,-91.50171
41.6843,-91.50208
41.68413,-91.50241
41.68376,-91.50318
41.68335,-91.504
41.68298,-91.50472
41.68256,-91.50555
41.6824299,-91.50582
41.68225,-91.50625
41.68211,-91.50657
41.68198,-91.50686
41.68177,-91.50728
41.68151,-91.5078
41.68129,-91.50823
41.68096,-91.50888
41.68066,-91.5094
41.68037,-91.50996
41.67995,-91.5108
41.67954,-91.51161
41.67915,-91.5123799
41.67885,-91.513
41.67854,-91.51361
41.6780199,-91.51466
41.6776,-91.51552
41.6772,-91.5163199
41.67704,-91.51664
41.67698,-91.5168
41.67695,-91.5169
41.67692,-91.51697
41.67688,-91.51705
41.67684,-91.51712
;
41.66388,-91.51199
41.66388,-91.5112
41.66387,-91.51055
41.6638499,-91.5101
41.66384,-91.5098299
41.66381,-91.5096
41.66378,-91.50924
41.66373,-91.50878
41.66369,-91.50845
41.66367,-91.50817
41.66366,-91.50794
41.66367,-91.50774
41.66369,-91.50753
41.66372,-91.50733
41.66377,-91.50713
41.6638499,-91.50687
41.66396,-91.50661
41.6641,-91.5063
41.66428,-91.50597
41.66449,-91.50555
41.6648,-91.505
41.66499,-91.50469
41.66526,-91.5043
41.66551,-91.50394
41.66572,-91.50363
41.66578,-91.50352
41.66586,-91.5034
41.66593,-91.50327
41.6659999,-91.50311
41.66607,-91.5029
41.66612,-91.5027099
41.66618,-91.50249
41.66622,-91.50226
41.66632,-91.5018
41.66639,-91.50143
41.66655,-91.50069
41.66663,-91.50033
41.66671,-91.50001
41.66678,-91.4997999
41.66684,-91.49964
41.66693,-91.49944
41.66719,-91.49902
41.66749,-91.49858
41.66769,-91.49826
41.66775,-91.49813
41.66781,-91.49798
41.66784,-91.49787
41.66787,-91.49772
41.66789,-91.4975
41.6678799,-91.49728
41.66784,-91.49703
41.66777,-91.49681
41.6677,-91.49666
41.6675899,-91.49647
41.66731,-91.4960399
41.66711,-91.49573
41.6669399,-91.49545
41.66683,-91.4951899
41.6667,-91.49485
41.66657,-91.49438
41.66649,-91.49397
41.66643,-91.49337
41.66643,-91.49315
41.66644,-91.49285
41.66645,-91.4926
41.6665,-91.49222
41.66659,-91.4917399
41.6667599,-91.4909799
41.66695,-91.49015
41.66716,-91.4893699
41.66746,-91.48826
41.66772,-91.48729
41.66775,-91.48717
41.66775,-91.48711
41.66773,-91.48706
41.66769,-91.48703
41.66763,-91.487
41.66748,-91.4869499
41.66735,-91.48691
41.66725,-91.48689
41.66717,-91.48689
41.66707,-91.48691
41.6669399,-91.4869499
41.66679,-91.48703
;
41.66004,-91.53498
41.66004,-91.53482
41.66005,-91.5347199
41.66008,-91.53465
41.66012,-91.5346
41.66017,-91.53458
41.66027,-91.53457
41.6605,-91.53457
41.66067,-91.53457
41.66115,-91.53456
41.66185,-91.53455
41.66232,-91.53454
41.66238,-91.53452
41.66242,-91.53449
41.66245,-91.53444
41.66246,-91.53439
41.66245,-91.53325
41.6624399,-91.53288
41.66243,-91.53179
41.66242,-91.53073
41.66241,-91.5297
41.66241,-91.52884
41.66239,-91.52781
41.66238,-91.52588
41.66237,-91.52449
41.66236,-91.52296
;
41.67684,-91.51712
41.6768,-91.51718
41.67676,-91.51723
41.67671,-91.51733
41.6766,-91.51758
41.6765,-91.51785
41.67635,-91.5182899
41.67616,-91.51884
41.67592,-91.51956
41.67555,-91.52068
41.67551,-91.52082
41.67547,-91.52096
41.67547,-91.52103
41.67548,-91.52109
41.67552,-91.52112
41.67557,-91.52114
41.67563,-91.52115
41.67569,-91.52115
41.67637,-91.52116
41.67706,-91.52117
41.67806,-91.52118
41.67874,-91.5211999
41.67953,-91.52123
41.6796,-91.52123
41.67965,-91.52125
41.67968,-91.5213
41.6796999,-91.52136
41.67969,-91.52153
41.67969,-91.52171
41.67968,-91.5224
41.67966,-91.52246
41.67964,-91.52249
41.67962,-91.52252
41.67958,-91.52254
41.6795,-91.52255
41.67852,-91.52251
41.67848,-91.52252
41.67845,-91.52255
41.67844,-91.5225899
41.67843,-91.5226799
41.67845,-91.52347
41.67845,-91.52354
41.67844,-91.52359
41.67841,-91.5236199
41.67837,-91.52363
41.67796,-91.52363
41.67723,-91.52364
41.67653,-91.52364
41.67639,-91.5236199
41.67625,-91.52361
41.67615,-91.5236
41.67598,-91.52361
41.67592,-91.52363
41.67586,-91.52365
41.67582,-91.52369
41.67556,-91.5239
41.67539,-91.52404
41.67535,-91.52407
41.6753,-91.52409
41.67526,-91.52409
41.67522,-91.52407
41.67518,-91.52404
41.67507,-91.52392
;
41.66682,-91.49558
41.6669,-91.49552
41.66695,-91.4955
41.667,-91.4955
41.66705,-91.49552
41.66709,-91.49556
41.66718,-91.49572
41.66745,-91.49614
41.6677,-91.49653
41.6678,-91.49672
41.66787,-91.49692
41.66792,-91.49714
41.66795,-91.49736
41.66795,-91.49755
41.66792,-91.49778
41.6678799,-91.49797
41.66782,-91.49815
41.66774,-91.49831
41.66757,-91.49858
41.66734,-91.49893
41.66716,-91.49919
41.6670299,-91.49943
41.6669399,-91.49961
41.66684,-91.49983
41.6667599,-91.5001
41.66664,-91.5006499
41.66646,-91.50147
41.66637,-91.50189
41.66637,-91.50196
41.6663799,-91.50201
41.66641,-91.5020399
41.66646,-91.50205
41.66679,-91.50206
41.66701,-91.50205
41.66719,-91.502
41.66737,-91.50193
41.66767,-91.5018
41.66785,-91.50174
41.66804,-91.5017
41.66825,-91.50169
41.66846,-91.50172
41.66867,-91.50179
41.6688199,-91.50185
41.66899,-91.50192
41.66913,-91.50196
41.66928,-91.502
41.66941,-91.502
41.66956,-91.50199
41.66974,-91.5019499
41.6698499,-91.50192
41.66993,-91.50188
41.6700299,-91.50183
41.67013,-91.5017699
41.67024,-91.50169
41.67035,-91.5016
41.67045,-91.5014999
41.67057,-91.50137
41.67074,-91.50123
41.67092,-91.50112
41.67111,-91.50103
41.6713,-91.50096
41.67157,-91.50091
41.67177,-91.5009
41.67201,-91.50093
41.67224,-91.50097
41.67239,-91.50104
41.67266,-91.50117
41.67308,-91.50139
41.67348,-91.50161
41.67362,-91.5016799
41.67377,-91.50173
41.67392,-91.5017699
41.67406,-91.5018
41.67422,-91.50181
41.67443,-91.50181
41.67483,-91.50181
41.67498,-91.50179
41.6751099,-91.50176
41.67521,-91.50173
41.67535,-91.50166
41.67546,-91.5015899
41.67557,-91.50151
41.6756699,-91.50143
41.67577,-91.50135
41.6759,-91.50126
41.67603,-91.5011899
41.67615,-91.50113
41.6763,-91.50109
41.67648,-91.50107
41.67663,-91.50107
41.6768,-91.50109
41.67693,-91.50113
41.67702,-91.50116
41.67705,-91.5012
41.6770799,-91.50125
41.6771,-91.50132
41.6771,-91.50138
41.67707,-91.50148
41.67698,-91.5019
41.67682,-91.50265
41.6767899,-91.50283
41.67676,-91.5030699
41.67675,-91.50333
41.67675,-91.50357
41.67676,-91.5038299
41.6768,-91.50414
41.67684,-91.5044099
41.67691,-91.50469
41.677,-91.50498
41.67713,-91.5053
41.67728,-91.50559
41.67743,-91.50583
41.67757,-91.50603
41.67774,-91.50622
41.67796,-91.50643
41.67816,-91.50659
41.67837,-91.50673
41.67854,-91.50681
41.6787599,-91.5069
41.67903,-91.50697
41.67966,-91.50714
41.67996,-91.50721
41.68054,-91.50736
41.68076,-91.50743
41.68092,-91.50751
41.68108,-91.5076
41.68121,-91.50769
41.68125,-91.50771
41.6813,-91.50772
41.68134,-91.50771
41.68137,-91.50767
41.68166,-91.50711
41.68221,-91.50611
41.68258,-91.50539
41.68289,-91.50475
41.68341,-91.50373
41.6839,-91.50275
41.68421,-91.5021
41.68447,-91.50161
41.68469,-91.5011899
41.68489,-91.50088
41.68504,-91.5006499
41.68524,-91.50038
41.68535,-91.50025
41.68546,-91.50014
41.68584,-91.4997999
41.68624,-91.49952
41.68685,-91.49915
41.68744,-91.49881
41.6879,-91.49854
41.6882499,-91.49832
41.6895499,-91.49754
41.69003,-91.4972499
41.6907,-91.49686
41.69124,-91.49654
41.69127,-91.49651
41.69129,-91.49647
41.69129,-91.49643
41.69128,-91.49638
41.69123,-91.49624
41.69115,-91.49606
41.69107,-91.49594
41.6909599,-91.49582
41.69083,-91.49571
41.69072,-91.49563
41.69064,-91.49554
41.69055,-91.49543
41.69043,-91.49525
41.69023,-91.4949
41.68996,-91.49446
41.68979,-91.49417
41.68964,-91.49391
41.6895499,-91.49378
41.68943,-91.49367
41.6893,-91.4936
41.68918,-91.49356
41.68907,-91.49355
41.68898,-91.49357
41.68892,-91.49357
41.68888,-91.49356
41.68882,-91.49355
41.68873,-91.49351
41.68864,-91.49346
41.68856,-91.49341
41.68848,-91.49332
41.6884299,-91.49325
41.68838,-91.49315
41.6883399,-91.49305
41.68831,-91.49294
41.68829,-91.49283
41.68826,-91.49266
41.68826,-91.49262
41.68823,-91.49259
41.68819,-91.49258
41.68814,-91.49259
41.688,-91.49263
41.68797,-91.49264
41.6879599,-91.49272
41.68797,-91.49281
41.68794,-91.4928599
41.68789,-91.49287
41.68741,-91.493
41.68736,-91.49302
41.68733,-91.49302
41.6873,-91.49302
41.68727,-91.49299
41.68726,-91.49294
41.68725,-91.49287
41.68724,-91.4928
41.68726,-91.4927699
41.6873,-91.49275
41.68734,-91.49274
41.6878699,-91.49259
41.6882,-91.49251
41.6882499,-91.49251
41.68828,-91.49253
41.6883,-91.49257
41.68831,-91.49261
41.6883399,-91.49281
41.68836,-91.49293
41.68841,-91.49309
41.68846,-91.49319
41.68853,-91.49328
41.68859,-91.49335
41.68868,-91.49342
41.68876,-91.49346
41.68887,-91.49348
41.68901,-91.49348
41.6891,-91.49348
41.68922,-91.49349
41.68935,-91.49354
41.6894599,-91.49361
41.68956,-91.4937099
41.68962,-91.49378
41.6897,-91.49391
41.68995,-91.49433
41.69027,-91.49487
41.69057,-91.49536
41.69063,-91.49545
41.6906899,-91.49552
41.69075,-91.49557
41.69086,-91.49566
41.69098,-91.49575
41.69104,-91.49581
41.69111,-91.49592
41.69118,-91.49601
41.69124,-91.4961299
41.69129,-91.49625
41.69133,-91.49637
41.69135,-91.49644
41.69136,-91.49652
41.69136,-91.49658
41.69135,-91.49665
41.69132,-91.4967
41.69127,-91.49676
41.69112,-91.49684
41.69079,-91.49704
41.69036,-91.49729
41.69033,-91.49734
41.6903,-91.49738
41.69029,-91.49744
41.69029,-91.49751
41.6903099,-91.49759
41.69034,-91.4977
41.69035,-91.49778
41.69035,-91.49787
41.69033,-91.49795
41.6903,-91.49802
41.69026,-91.49807
41.69021,-91.49811
41.68963,-91.49847
41.68956,-91.49852
41.6895,-91.4986
41.68948,-91.49869
41.68948,-91.49882
41.68947,-91.4989499
41.68949,-91.4991
41.68951,-91.49923
41.68951,-91.49939
41.68951,-91.4995
41.68948,-91.49958
41.6894,-91.49975
41.6893,-91.49993
41.68927,-91.49999
41.68923,-91.50001
41.68919,-91.50001
41.68915,-91.5
41.68893,-91.49985
41.6888999,-91.49982
41.68888,-91.49979
41.68887,-91.49974
41.68889,-91.4997
41.68891,-91.49963
41.68894,-91.49959
41.6889899,-91.49959
41.68904,-91.49961
41.68923,-91.49976
41.68927,-91.49978
41.68931,-91.49978
41.68934,-91.49976
41.6893699,-91.49972
41.68945,-91.49951
41.6894599,-91.49945
41.68947,-91.49939
41.68947,-91.49932
41.6894599,-91.49923
41.68945,-91.49912
41.68943,-91.49898
41.68942,-91.49887
41.68943,-91.4987699
41.68944,-91.49867
41.68945,-91.4985899
41.68948,-91.49852
41.68952,-91.49847
41.68958,-91.49842
41.69011,-91.4980999
41.69021,-91.49803
41.69026,-91.49797
41.69028,-91.4979199
41.69029,-91.49785
41.6903,-91.49778
41.69029,-91.49772
41.69028,-91.49766
;
41.66005,-91.53527
41.66004,-91.53498
;
41.66236,-91.52296
41.66235,-91.52157
41.66234,-91.5207
41.66234,-91.52007
41.66234,-91.51982
41.66235,-91.51966
41.66238,-91.51957
41.66242,-91.51949
41.66246,-91.51945
41.66251,-91.51942
41.66259,-91.5194
41.66288,-91.5194
41.66342,-91.51938
41.66382,-91.51937
41.66386,-91.51936
41.66389,-91.51934
41.6639,-91.5193
41.6639,-91.5187
41.6639,-91.51719
41.66389,-91.51582
41.66388,-91.51504
41.66388,-91.51367
41.66388,-91.51199
;
41.67507,-91.52392
41.67485,-91.52371
41.67453,-91.52342
41.67439,-91.52329
41.67433,-91.52325
41.67428,-91.52323
41.67424,-91.52324
41.6742,-91.5232599
41.67407,-91.52339
41.67376,-91.52373
41.67318,-91.52431
41.67298,-91.52453
41.67287,-91.52463
41.6727,-91.52477
41.67243,-91.5249599
41.67172,-91.52545
41.67158,-91.52554
41.6715,-91.5255899
41.67141,-91.52563
41.67133,-91.52567
41.67125,-91.52568
41.67113,-91.52568
41.67084,-91.52568
41.67022,-91.52569
41.6693,-91.5257
41.66847,-91.52571
41.6679699,-91.52573
41.66736,-91.52573
41.66679,-91.52573
41.66581,-91.52575
41.6652,-91.52575
41.66461,-91.52576
41.66398,-91.52577
