41.659423,-91.5609982,41.6635701,-91.5346899
41.66017,-91.5359
41.66016,-91.53601
41.66015,-91.5361099
41.66015,-91.53746
41.66016,-91.53752
41.66019,-91.53757
41.66023,-91.53761
41.66029,-91.5376299
41.66044,-91.5376299
41.66071,-91.5376299
41.66111,-91.5376299
41.6612099,-91.53764
41.66126,-91.53766
41.6613,-91.53769
41.66132,-91.53773
41.66134,-91.53779
41.66135,-91.53786
41.66135,-91.5380799
41.66135,-91.5385
41.66133,-91.53935
41.66131,-91.54056
41.66128,-91.54201
41.66128,-91.54273
41.66129,-91.5429
41.66132,-91.5430499
41.66137,-91.54321
41.66147,-91.5434
41.66158,-91.54355
41.66172,-91.54365
41.66183,-91.54367
41.662,-91.54366
41.66228,-91.54362
41.66236,-91.5436
41.66241,-91.54357
41.66246,-91.54355
41.66272,-91.54351
41.66276,-91.54353
41.66281,-91.54353
41.66285,-91.54353
41.66294,-91.54352
41.66304,-91.5435399
41.66313,-91.5436
41.6632,-91.54366
41.66325,-91.54374
41.6633,-91.54386
41.66333,-91.544
41.66334,-91.54419
41.66335,-91.54444
41.66335,-91.54476
41.66336,-91.54508
41.66337,-91.54539
41.66337,-91.5455999
41.6633799,-91.54567
41.6634,-91.54572
41.6634,-91.5458
41.6634,-91.54601
41.6633799,-91.54606
41.66336,-91.54612
41.66335,-91.54624
41.6633,-91.54653
41.66325,-91.5468
41.66319,-91.54709
41.66312,-91.54732
41.66302,-91.54761
41.6629099,-91.54792
41.66281,-91.54817
41.66278,-91.54826
41.66276,-91.54835
41.66274,-91.54843
41.66267,-91.54863
;
41.65961,-91.55161
41.6594229,-91.552171
41.659397,-91.5522809
;
41.66106,-91.56081
41.66101,-91.56079
41.66098,-91.56076
41.66095,-91.56073
41.6609399,-91.56068
41.66095,-91.56061
41.66095,-91.56049
41.66096,-91.56038
41.66097,-91.56029
41.661,-91.56019
41.6610299,-91.56009
41.66108,-91.56001
41.66115,-91.5599
41.66122,-91.55984
41.6613,-91.55978
41.66137,-91.5597499
41.66144,-91.55973
41.66152,-91.55972
41.6615899,-91.5597
41.66167,-91.55967
41.66173,-91.55962
41.66179,-91.55956
41.66185,-91.5594799
41.66192,-91.55938
41.66201,-91.55927
41.6621,-91.55915
41.66216,-91.55907
41.66224,-91.55899
41.66232,-91.55893
41.66243,-91.55887
41.66259,-91.5588
41.66292,-91.55865
41.66308,-91.55857
41.66311,-91.55855
41.66313,-91.55852
41.66314,-91.55848
41.66314,-91.55843
41.6631,-91.55829
41.66296,-91.5578
41.66281,-91.5572399
41.66264,-91.55664
41.66247,-91.55602
41.6624,-91.55573
41.66232,-91.55547
41.66227,-91.55525
41.6622,-91.55494
41.66211,-91.55454
41.6621,-91.55446
41.66211,-91.5544
41.66213,-91.55435
41.66216,-91.55432
41.66221,-91.5543
41.66229,-91.55428
41.6628,-91.55413
41.66288,-91.5541
41.66296,-91.55406
41.66302,-91.55403
41.6633,-91.5538399
41.66383,-91.5534799
41.66386,-91.55344
41.66389,-91.55338
41.66391,-91.55331
41.66391,-91.55323
41.66383,-91.55293
41.66377,-91.55265
41.66368,-91.55213
41.66352,-91.5512
41.66348,-91.55099
41.66339,-91.55051
41.66336,-91.5504
41.66331,-91.55029
41.66325,-91.55019
41.66319,-91.55009
41.66312,-91.55002
41.66296,-91.54986
41.66285,-91.54975
41.66272,-91.54961
41.6626,-91.54943
41.66255,-91.54933
41.6625,-91.54919
41.66249,-91.54905
41.6625,-91.54893
41.6625299,-91.54877
41.66255,-91.5487
41.66257,-91.54862
41.66259,-91.54856
41.66263,-91.54845
41.66264,-91.54841
41.66267,-91.54838
;
41.66246,-91.53579
41.66246,-91.53484
41.66246,-91.53476
41.6624399,-91.5347
41.66242,-91.53466
41.66238,-91.53465
41.66195,-91.53466
41.66125,-91.53467
41.66077,-91.53469
41.66059,-91.53468
41.66037,-91.53469
41.66027,-91.53469
41.66021,-91.53473
41.66019,-91.53478
41.66017,-91.53485
41.6601799,-91.53553
41.6601799,-91.53569
41.6601799,-91.53583
41.66017,-91.5359
;
41.659397,-91.5522809
41.65932,-91.552451
41.659447,-91.552682
41.660872,-91.553322
41.661676,-91.553188
41.66173,-91.55331
41.66176,-91.55341
41.66182,-91.55353
41.66187,-91.5536
41.66194,-91.55371
41.662,-91.55383
41.66205,-91.5539299
41.66209,-91.55405
41.66212,-91.55417
41.6621499,-91.55429
41.66218,-91.5544
41.66219,-91.5545
41.66224,-91.55474
41.66231,-91.55505
41.66242,-91.55546
41.66254,-91.55591
41.66255,-91.55599
41.66255,-91.55605
41.6625299,-91.5561
41.6625,-91.55614
41.6624399,-91.55617
41.66233,-91.55622
41.66222,-91.55627
41.6622,-91.5562999
41.66219,-91.55634
41.6622,-91.5564
41.66229,-91.55673
41.6625299,-91.55758
41.66269,-91.55819
41.66282,-91.55865
41.66283,-91.5587
41.66282,-91.55874
41.6628,-91.55877
41.66264,-91.55885
41.66241,-91.55896
41.66232,-91.55902
41.66223,-91.5591
41.66212,-91.55922
41.66201,-91.55937
41.66192,-91.5595
41.66184,-91.55959
41.66177,-91.55967
41.66169,-91.55973
41.66157,-91.55978
41.66147,-91.5598
41.66136,-91.55983
41.6613,-91.55986
41.6612099,-91.55993
41.66114,-91.56002
41.66109,-91.56011
41.6610299,-91.56026
41.66101,-91.56036
41.66101,-91.56041
41.6610299,-91.56045
41.66106,-91.56047
41.66113,-91.56049
41.6612099,-91.5605
41.6613,-91.56053
41.66142,-91.56059
41.66151,-91.56064
41.66162,-91.5607
41.66173,-91.56079
41.6618,-91.56086
41.66183,-91.56088
41.66187,-91.56091
41.6619,-91.56092
41.66193,-91.56094
41.66198,-91.56101
41.66201,-91.56106
41.66202,-91.56111
41.66203,-91.56116
41.66201,-91.56121
41.66198,-91.56126
41.66194,-91.56128
41.6619,-91.56128
41.66186,-91.56126
41.6618,-91.56121
41.66175,-91.56116
41.66165,-91.56107
41.66156,-91.56099
41.66147,-91.56092
41.66138,-91.56087
41.66131,-91.56084
41.66127,-91.56084
41.66123,-91.56084
41.66119,-91.56085
41.66115,-91.56084
41.66106,-91.56081
;
41.66267,-91.54863
41.66264,-91.54867
41.6626,-91.5487
41.66258,-91.54874
41.66254,-91.5489
41.6625299,-91.54902
41.66254,-91.54916
41.66259,-91.5493
41.66264,-91.5494
41.66276,-91.54958
41.66289,-91.5497199
41.6629999,-91.54984
41.66316,-91.5499899
41.66323,-91.55006
41.66329,-91.55017
41.66335,-91.55026
41.6634,-91.55037
41.66343,-91.5504799
41.66352,-91.55096
41.66357,-91.55124
41.66372,-91.5521
41.66381,-91.55262
41.66387,-91.5528999
41.66397,-91.55321
41.66399,-91.55329
41.66398,-91.55336
41.66396,-91.55343
41.66387,-91.55351
41.66339,-91.55385
41.66321,-91.55398
41.66307,-91.55407
41.66297,-91.55413
41.66284,-91.55418
41.66229,-91.55436
41.66221,-91.55436
41.6621499,-91.55435
41.6621,-91.55431
41.66207,-91.55427
41.66201,-91.55408
41.6619699,-91.55397
41.66192,-91.55389
41.66185,-91.55377
41.66178,-91.5536599
41.66173,-91.5536
41.66167,-91.5534799
41.66164,-91.55337
41.661515,-91.553295
41.660866,-91.553402
41.65972,-91.55288
41.65966,-91.5526
41.65973,-91.55241
41.65989,-91.55172
41.66001,-91.55148
41.66002,-91.55134
41.659935,-91.551288
41.659807,-91.551284
41.65965,-91.55146
41.65961,-91.55161
;
41.66267,-91.54838
41.66269,-91.54833
41.66273,-91.54829
41.66276,-91.54822
41.66284,-91.54797
41.66295,-91.54765
41.66305,-91.54736
41.66312,-91.54714
41.66319,-91.54686
41.66324,-91.54657
41.66328,-91.54628
41.66331,-91.546
41.66332,-91.5457
41.66333,-91.54544
41.66332,-91.54539
41.66331,-91.54533
41.66329,-91.54528
41.66328,-91.54522
41.66328,-91.5451099
41.66328,-91.5450199
41.6633,-91.54495
41.66331,-91.54489
41.66331,-91.54481
41.6633,-91.54449
41.66329,-91.54424
41.66328,-91.54405
41.66326,-91.54391
41.66321,-91.54379
41.66316,-91.54371
41.6630899,-91.54365
41.6629999,-91.54359
41.6629,-91.54357
41.6628,-91.54358
41.66266,-91.5436
41.66249,-91.5436299
41.66223,-91.54367
41.66195,-91.54371
41.66179,-91.5437199
41.6616799,-91.5437
41.66154,-91.5436
41.66143,-91.54345
41.66132,-91.54326
41.66127,-91.5431
41.66122,-91.5429599
41.6612,-91.5427799
41.66119,-91.5425
41.6612,-91.54198
41.6612,-91.54132
41.6612,-91.54095
41.6612,-91.54065
41.6612,-91.54049
41.6612,-91.54034
41.66119,-91.53994
41.6612099,-91.53925
41.66123,-91.53892
41.66124,-91.5378999
41.66125,-91.5378
41.66126,-91.53774
41.66128,-91.5377
41.66132,-91.53766
41.66138,-91.53764
41.66149,-91.5376299
41.66236,-91.53762
41.66242,-91.53759
41.66246,-91.53755
41.66248,-91.53749
41.66248,-91.53742
41.66246,-91.53579
