41.6622783,-91.6047606,41.7088585,-91.5436284
41.66328,-91.5450199
41.6633,-91.54495
41.66331,-91.54489
41.66331,-91.54481
41.6633,-91.54449
41.66329,-91.54424
41.66328,-91.54405
41.66326,-91.54391
41.66321,-91.54379
41.66316,-91.54371
41.6630899,-91.54365
41.6629999,-91.54359
41.6629,-91.54357
41.6628,-91.54358
41.66266,-91.5436
41.66249,-91.5436299
41.66223,-91.54367
41.66195,-91.54371
41.66179,-91.5437199
41.6616799,-91.5437
41.66154,-91.5436
41.66143,-91.54345
41.66132,-91.54326
41.66127,-91.5431
41.66122,-91.5429599
41.6612,-91.5427799
41.66119,-91.5425
41.6612,-91.54227
41.6612099,-91.54221
41.66124,-91.54215
41.66129,-91.5421099
41.66136,-91.54209
41.66145,-91.54207
41.66183,-91.54197
41.6619699,-91.54196
41.66279,-91.54196
41.66303,-91.54199
41.66323,-91.54207
41.6633799,-91.54217
41.66352,-91.5423
41.66362,-91.54243
41.66373,-91.54263
41.66388,-91.54299
41.66399,-91.54327
41.66407,-91.54355
41.66414,-91.54384
41.66423,-91.54443
41.66442,-91.54602
41.66486,-91.5496
41.66502,-91.55113
41.66517,-91.55262
41.6653,-91.55371
41.66538,-91.55431
41.66543,-91.5547799
41.66548,-91.55522
41.66559,-91.55608
41.66579,-91.5571
41.6659,-91.55762
41.66603,-91.55802
41.66623,-91.5586299
41.6664699,-91.55928
41.66704,-91.56067
41.66776,-91.56246
41.6683,-91.5638
41.66855,-91.56429
41.66877,-91.56475
41.66906,-91.56544
41.6691,-91.5655
41.66915,-91.56553
41.66922,-91.56552
41.66927,-91.5655
41.6694,-91.56542
41.66953,-91.56537
41.66965,-91.56534
41.66975,-91.56534
41.6700299,-91.56535
41.67036,-91.5654
41.67048,-91.56541
41.67107,-91.56543
41.67253,-91.56545
41.67295,-91.56546
41.6731399,-91.5654799
41.67334,-91.56552
41.67372,-91.56564
41.6739,-91.56568
41.674,-91.5657
41.6741,-91.56572
41.67423,-91.56573
41.6744,-91.56576
41.67509,-91.56592
41.67534,-91.5659699
41.6755,-91.56599
41.67574,-91.566
41.67596,-91.56599
41.67628,-91.56598
41.67651,-91.5659699
41.67684,-91.56596
41.6773499,-91.56595
41.67834,-91.56592
41.67892,-91.5659
41.67995,-91.56583
41.6801,-91.56581
41.68021,-91.56579
41.68036,-91.56573
41.6805,-91.56568
41.68063,-91.56566
41.68077,-91.56564
41.68151,-91.56563
41.68193,-91.5655699
41.68246,-91.56543
41.68303,-91.56526
41.6831,-91.56524
41.6831699,-91.56523
41.68323,-91.56523
41.6833,-91.56523
41.68338,-91.56524
41.68348,-91.56522
41.68359,-91.56519
41.68406,-91.5650299
41.68457,-91.56488
41.68544,-91.5646299
41.68595,-91.5645
41.68641,-91.56438
41.68676,-91.5643
41.68727,-91.56417
41.68751,-91.5641
41.68777,-91.56405
41.68812,-91.56401
41.68831,-91.56401
41.68851,-91.56401
41.68874,-91.56404
41.68903,-91.5641
41.68933,-91.56417
41.68964,-91.5643
41.68992,-91.56444
41.69014,-91.56458
41.69034,-91.56472
41.69054,-91.56489
41.69112,-91.56542
41.69146,-91.5657
41.6919899,-91.5661499
41.69217,-91.56629
41.69233,-91.5664199
41.69242,-91.56644
41.69252,-91.56643
41.6926,-91.5664
41.69265,-91.56637
41.69271,-91.56637
41.69276,-91.56639
41.6928,-91.56644
41.69282,-91.56649
41.69282,-91.56654
41.69282,-91.56661
41.69279,-91.56669
41.69276,-91.56677
41.69274,-91.56688
41.69272,-91.56697
41.69272,-91.5670899
41.69272,-91.56719
41.69273,-91.5673
41.69276,-91.5674499
41.69298,-91.56829
41.69316,-91.56904
41.69346,-91.57028
41.69351,-91.57054
41.69352,-91.57068
41.69354,-91.5708499
41.69355,-91.57102
41.69355,-91.57126
41.69356,-91.57172
41.69357,-91.57249
41.69355,-91.5730899
41.69353,-91.57337
41.69337,-91.57453
41.69335,-91.57485
41.69334,-91.5752
41.6933999,-91.57602
41.69345,-91.57634
41.69353,-91.57675
41.69362,-91.57714
41.69371,-91.57744
41.69382,-91.57777
41.69423,-91.57876
41.69446,-91.57928
41.6948099,-91.58009
41.6948999,-91.58036
41.69494,-91.58047
41.69496,-91.58053
41.69499,-91.58064
41.69502,-91.58083
41.69504,-91.58107
41.69504,-91.58151
41.69499,-91.58232
41.69496,-91.58271
41.69497,-91.58277
41.69498,-91.58281
41.69502,-91.5828499
41.69507,-91.58287
41.69583,-91.58301
41.69599,-91.58305
41.6961,-91.58308
41.69629,-91.58315
41.69646,-91.58324
41.69667,-91.58341
41.69845,-91.58486
41.69939,-91.58557
41.69995,-91.58602
41.70046,-91.58641
41.70089,-91.58676
41.70139,-91.58715
41.70164,-91.58734
41.70182,-91.5874599
41.70193,-91.58751
41.70203,-91.58754
41.70227,-91.5876
41.70294,-91.58771
41.70334,-91.58777
41.70367,-91.5878199
41.70384,-91.58785
41.70397,-91.58785
41.70424,-91.58783
41.7043,-91.58784
41.70435,-91.58786
41.7044,-91.5879
41.70443,-91.58797
41.70446,-91.58805
41.70449,-91.58828
41.70452,-91.5884899
41.70459,-91.5888499
41.70467,-91.58909
41.70475,-91.58931
41.70487,-91.58954
41.70496,-91.58969
41.70507,-91.58984
41.70521,-91.59
41.70539,-91.59016
41.70574,-91.59043
41.70635,-91.59093
41.70696,-91.59142
41.70712,-91.59157
41.70727,-91.59171
41.7073899,-91.5918499
41.70752,-91.592
41.70763,-91.59216
41.70773,-91.59232
41.7078599,-91.59257
41.70798,-91.5928
41.70805,-91.593
41.70814,-91.59326
41.70822,-91.59356
41.70828,-91.59388
41.70832,-91.59418
41.7083299,-91.59446
41.7083299,-91.59498
41.70834,-91.59593
41.70834,-91.59603
41.7083299,-91.5961
41.70829,-91.59615
41.70825,-91.59618
41.70819,-91.59619
41.708,-91.59618
41.70732,-91.59617
41.70656,-91.59615
41.7055999,-91.59611
41.70519,-91.5961
41.70503,-91.5961
41.7049499,-91.59609
41.70489,-91.59608
41.70483,-91.59606
41.70478,-91.59606
41.70474,-91.59608
41.70471,-91.59612
41.7047,-91.5962
41.70469,-91.59629
41.70469,-91.59644
41.70468,-91.59693
;
41.66243,-91.54886
41.66247,-91.54885
41.6625,-91.54883
41.6625299,-91.54877
41.66267,-91.54843
41.66276,-91.54822
41.66284,-91.54797
41.66295,-91.54765
41.66305,-91.54736
41.66312,-91.54714
41.66319,-91.54686
41.66324,-91.54657
41.66328,-91.54628
41.66331,-91.546
41.66332,-91.5457
41.66333,-91.54544
41.66332,-91.54539
41.66331,-91.54533
41.66329,-91.54528
41.66328,-91.54522
41.66328,-91.5451099
41.66328,-91.5450199
;
41.70468,-91.59693
41.70468,-91.59764
41.70469,-91.5984
41.7047,-91.59857
41.70472,-91.59869
41.70474,-91.59883
41.70477,-91.59897
41.70491,-91.5993699
41.70499,-91.59958
41.70506,-91.59975
41.7052,-91.60001
41.70538,-91.60026
41.70546,-91.60036
41.70574,-91.60072
41.7059799,-91.60104
41.70613,-91.60123
41.70619,-91.60131
41.70624,-91.60142
41.70627,-91.60156
41.70628,-91.60167
41.70629,-91.60175
41.7063,-91.60196
41.70631,-91.60217
41.70632,-91.60233
41.70633,-91.60276
41.70634,-91.60283
41.70635,-91.6029
41.70635,-91.60302
41.70635,-91.60318
41.7063599,-91.6033
41.70637,-91.60337
41.7064,-91.60344
41.70652,-91.60365
41.70665,-91.60383
41.70671,-91.6039
41.7068,-91.60397
41.70689,-91.60401
41.70702,-91.60403
41.70722,-91.60403
;
41.70722,-91.60403
41.70797,-91.604
41.708,-91.604
41.7080399,-91.60401
41.70806,-91.60404
41.70808,-91.60409
41.70809,-91.60418
41.70809,-91.60441
41.70813,-91.6046
41.70816,-91.60468
41.70822,-91.60477
41.7083,-91.60483
41.70834,-91.60484
41.70839,-91.60482
41.7084199,-91.6048
41.70844,-91.60473
41.70859,-91.6040699
41.70873,-91.60351
41.70881,-91.60314
41.70886,-91.60285
41.70888,-91.60266
41.7089,-91.60244
41.70891,-91.60223
41.70891,-91.60203
41.7089,-91.60187
41.70888,-91.60166
41.70884,-91.60139
41.70878,-91.60112
41.70861,-91.60051
41.70844,-91.59985
41.70839,-91.59962
41.70834,-91.5993
41.70832,-91.59898
41.70831,-91.59864
41.7083,-91.59741
41.7083,-91.59703
41.70829,-91.59676
41.70829,-91.59644
41.70828,-91.59589
41.70828,-91.59477
41.70827,-91.59437
41.70823,-91.59404
41.70819,-91.59375
41.70812,-91.59342
41.7080399,-91.59316
41.7079499,-91.59293
41.70785,-91.59271
41.70774,-91.59248
41.7076,-91.59224
41.70744,-91.59202
41.70729,-91.59184
41.70711,-91.59165
41.70687,-91.59145
41.70556,-91.59038
41.70537,-91.59021
41.70518,-91.59007
41.705,-91.58987
41.7048599,-91.58968
41.70473,-91.58948
41.7046,-91.58923
41.70451,-91.58901
41.70446,-91.5888499
41.70441,-91.58869
41.70438,-91.58854
41.70433,-91.58816
41.70432,-91.58807
41.7043,-91.58802
41.70428,-91.58799
41.70424,-91.58797
41.7041899,-91.58796
41.70387,-91.58797
41.70364,-91.58796
41.7034,-91.58793
41.7031,-91.58786
41.70279,-91.58779
41.70224,-91.58766
41.702,-91.5876
41.7019,-91.58756
41.7018,-91.58752
41.7016599,-91.58744
41.70134,-91.58719
41.70116,-91.58704
41.70082,-91.58676
41.70013,-91.58621
41.69973,-91.58591
41.69934,-91.58561
41.69856,-91.58503
41.69665,-91.58347
41.69644,-91.58332
41.69632,-91.58324
41.69615,-91.58316
41.69605,-91.58313
41.6959,-91.58309
41.69501,-91.58291
41.69497,-91.58289
41.69494,-91.58287
41.69492,-91.58284
41.6948999,-91.5828
41.6948999,-91.58273
41.69498,-91.58154
41.695,-91.58127
41.69499,-91.58104
41.69496,-91.5808
41.69494,-91.58067
41.69492,-91.58056
41.69489,-91.58044
41.69476,-91.58014
41.69442,-91.57932
41.69421,-91.57884
41.69394,-91.57817
41.69376,-91.57774
41.69363,-91.57736
41.69354,-91.57701
41.69346,-91.5766699
41.69341,-91.57637
41.69336,-91.57607
41.6933,-91.57542
41.6933,-91.5750599
41.6933,-91.57473
41.69333,-91.57448
41.69349,-91.57332
41.69351,-91.57307
41.69352,-91.57293
41.69353,-91.57228
41.69351,-91.5716
41.69351,-91.57117
41.69349,-91.5708499
41.69347,-91.57059
41.69343,-91.57034
41.69312,-91.56908
41.69295,-91.56836
41.69277,-91.56765
41.69269,-91.56735
41.69267,-91.56715
41.69267,-91.56699
41.69265,-91.56687
41.69262,-91.56679
41.69258,-91.56674
41.69251,-91.56668
41.69234,-91.56658
41.69205,-91.56636
41.69187,-91.56622
41.6916,-91.56601
41.69103,-91.56556
41.69046,-91.56508
41.69019,-91.56486
41.68994,-91.56469
41.6898,-91.5646
41.6895499,-91.56448
41.68934,-91.56439
41.68907,-91.56431
41.68885,-91.56426
41.68864,-91.56423
41.68851,-91.56422
41.68835,-91.56421
41.68817,-91.56422
41.68792,-91.56425
41.68752,-91.56433
41.6871,-91.56443
41.68678,-91.56451
41.6865499,-91.56457
41.68606,-91.56469
41.68551,-91.56483
41.68438,-91.5651199
41.68392,-91.56526
41.68367,-91.56533
41.6835499,-91.56534
41.68344,-91.56533
41.68334,-91.56532
41.68323,-91.56532
41.68313,-91.56532
41.68305,-91.56533
41.68259,-91.56547
41.68209,-91.56561
41.68195,-91.56564
41.68181,-91.56567
41.6816699,-91.56569
41.68154,-91.5657
41.68081,-91.56572
41.68067,-91.56573
41.68054,-91.56575
41.68044,-91.56578
41.68036,-91.56583
41.68027,-91.56588
41.68019,-91.56591
41.68011,-91.56593
41.68002,-91.56593
41.67907,-91.566
41.67835,-91.56604
41.67733,-91.5660599
41.67677,-91.56607
41.67644,-91.56608
41.67601,-91.56609
41.67587,-91.56609
41.6756699,-91.56609
41.67547,-91.56607
41.67532,-91.56605
41.67508,-91.56601
41.67448,-91.56588
41.6743,-91.56587
41.67415,-91.56586
41.67394,-91.56583
41.6736999,-91.56579
41.67346,-91.56572
41.67331,-91.56568
41.67312,-91.56563
41.67261,-91.5655699
41.67174,-91.56556
41.67054,-91.56554
41.67025,-91.56554
41.66977,-91.56552
41.66968,-91.56552
41.6696,-91.56553
41.66954,-91.56554
41.66946,-91.5655699
41.66937,-91.56562
41.66926,-91.56568
41.66921,-91.56571
41.66916,-91.56574
41.6691,-91.56575
41.66905,-91.56575
41.6689999,-91.56573
41.66896,-91.56571
41.66892,-91.56567
41.66887,-91.56555
41.66883,-91.56546
41.66879,-91.5653899
41.66875,-91.56532
41.66867,-91.56513
41.66866,-91.56507
41.66864,-91.565
41.66863,-91.56493
41.66862,-91.56488
41.66847,-91.56453
41.66804,-91.56354
41.66769,-91.56268
41.66725,-91.56159
41.66684,-91.56061
41.6662899,-91.55924
41.66594,-91.5582699
41.66576,-91.5577
41.66563,-91.55716
41.66551,-91.5565699
41.66545,-91.55612
41.66542,-91.55585
41.6654,-91.55577
41.66537,-91.55569
41.66533,-91.55558
41.66525,-91.55535
41.66516,-91.55513
41.66507,-91.55497
41.66496,-91.5548
41.66484,-91.55463
41.66471,-91.55446
41.66458,-91.5543
41.66448,-91.55416
41.6643199,-91.5539
41.66421,-91.55372
41.6641199,-91.5535699
41.66401,-91.5533899
41.6639399,-91.55323
41.66388,-91.55309
41.66383,-91.55293
41.66377,-91.55265
41.66368,-91.55213
41.66352,-91.5512
41.66348,-91.55099
41.66339,-91.55051
41.66336,-91.5504
41.66331,-91.55029
41.66325,-91.55019
41.66319,-91.55009
41.66312,-91.55002
41.66296,-91.54986
41.66285,-91.54975
41.66272,-91.54961
41.6626,-91.54943
41.66255,-91.54939
41.6625,-91.5493599
41.66245,-91.54935
41.66241,-91.54934
41.66237,-91.54932
41.66233,-91.54929
41.6623,-91.54925
41.66228,-91.5492
41.66227,-91.54912
41.66227,-91.54906
41.66228,-91.54901
;
41.66228,-91.54901
41.66229,-91.54895
41.66231,-91.54891
41.66235,-91.54888
41.66238,-91.5488699
41.66243,-91.54886
