41.6282678,-91.5536308,41.6601799,-91.53527
41.65019,-91.54009
41.65031,-91.5401
41.65246,-91.5402299
41.65319,-91.54029
41.65365,-91.54037
41.65406,-91.54046
41.65505,-91.54073
41.65675,-91.54137
41.65751,-91.54162
41.65783,-91.54169
41.65788,-91.54168
41.65791,-91.54164
41.65793,-91.54158
41.65793,-91.54151
41.65793,-91.54129
41.65792,-91.54068
41.65791,-91.54029
41.6579,-91.53999
41.65787,-91.5397
41.65786,-91.53948
41.65784,-91.53931
41.65782,-91.53862
41.65782,-91.53778
;
41.64656,-91.5402299
41.64595,-91.54022
41.64584,-91.5402299
41.6457,-91.54021
41.64557,-91.54018
41.64528,-91.5401
41.64521,-91.54008
41.64477,-91.5399599
41.64427,-91.53979
41.6426,-91.53936
41.64222,-91.5393
41.64163,-91.53925
41.6409,-91.5391999
41.64034,-91.53914
41.64011,-91.5391
41.63983,-91.53904
41.63965,-91.53896
41.63922,-91.53878
41.63895,-91.5387
41.63858,-91.53862
41.6382199,-91.53859
41.63749,-91.5386
41.63617,-91.53864
41.63588,-91.53864
41.6357799,-91.53864
41.6351,-91.53871
41.63494,-91.5387499
41.6348,-91.53878
41.63463,-91.53886
41.63429,-91.53903
41.63394,-91.53928
41.6336299,-91.53958
41.6333,-91.5399599
41.63296,-91.54045
41.63261,-91.54092
41.63188,-91.54183
41.6313699,-91.54239
41.63105,-91.5426899
41.63092,-91.5428
41.63065,-91.54304
41.63006,-91.54339
41.62938,-91.54377
41.62869,-91.54402
41.6284,-91.54412
41.62801,-91.54421
41.62792,-91.54422
41.62785,-91.54422
41.6278,-91.54419
41.62776,-91.54415
41.62773,-91.5441
41.6277199,-91.54402
41.62771,-91.54394
41.62771,-91.54385
41.6277199,-91.5438099
41.62774,-91.54378
41.62778,-91.54375
41.62793,-91.54371
41.62807,-91.54368
41.62827,-91.5436
41.62833,-91.54359
41.6284,-91.54352
41.62843,-91.54348
41.62855,-91.54334
41.62898,-91.54261
41.62944,-91.54165
41.6298,-91.54071
41.62982,-91.5406299
41.62983,-91.5405399
41.6298,-91.54043
41.62948,-91.53892
41.62947,-91.53876
41.6295,-91.53868
41.62953,-91.53861
41.62957,-91.53856
41.62963,-91.53855
41.63096,-91.53858
41.63136,-91.53855
41.63168,-91.53853
;
41.64513,-91.55362
41.64518,-91.55358
41.64523,-91.55354
41.64528,-91.5535
41.64538,-91.5533899
41.64597,-91.55273
41.646,-91.55267
41.6460099,-91.55261
41.64599,-91.55255
41.64573,-91.55212
41.64511,-91.55115
41.6447999,-91.55065
41.64475,-91.5505699
41.64471,-91.55051
41.64469,-91.55045
41.6447,-91.5504
41.64471,-91.55035
41.64474,-91.55028
41.64482,-91.55012
41.64503,-91.54979
41.6450699,-91.54973
41.64511,-91.5497
41.64517,-91.5497
41.64522,-91.5497199
41.6453599,-91.5498099
41.64548,-91.54988
41.64561,-91.54991
41.64575,-91.54993
41.64634,-91.54992
41.64684,-91.5498999
41.64709,-91.54987
41.64714,-91.54985
41.64717,-91.54982
41.6472,-91.54976
41.64725,-91.54937
41.6473,-91.54866
41.6473299,-91.54789
41.64734,-91.54734
41.64735,-91.5467
41.64736,-91.54627
41.64737,-91.54518
41.64739,-91.5444799
41.6474,-91.54417
41.6474199,-91.54301
41.64743,-91.5421099
41.64743,-91.54057
41.64743,-91.5404
41.6474199,-91.54035
41.64739,-91.5403
41.64735,-91.54026
41.64729,-91.54024
41.64714,-91.5402299
41.64656,-91.5402299
;
41.65039,-91.54083
41.65038,-91.54142
41.65037,-91.54242
41.65038,-91.54394
41.65038,-91.54481
41.65037,-91.54544
41.65038,-91.54653
41.65037,-91.54659
41.65035,-91.5466299
41.6503299,-91.54666
41.65028,-91.5467
41.64903,-91.54661
41.64763,-91.5465399
41.64756,-91.5465399
41.64753,-91.54655
41.64749,-91.54662
41.64749,-91.54668
41.64747,-91.54746
41.6474199,-91.549
41.64741,-91.54913
41.64739,-91.54929
41.64735,-91.5496299
41.64728,-91.55024
41.64715,-91.55102
41.64697,-91.5517799
41.6467,-91.55265
41.6465699,-91.5528999
41.64631,-91.55355
41.64612,-91.55388
41.6455399,-91.5549
41.64548,-91.55494
41.64542,-91.55495
41.64533,-91.55494
41.64525,-91.55491
41.64519,-91.55485
41.6451,-91.5547799
41.6450699,-91.5547
41.64504,-91.55462
41.64501,-91.55452
41.645,-91.55443
41.645,-91.55434
41.645,-91.55417
41.64499,-91.55401
41.64499,-91.55391
41.645,-91.5538399
41.64502,-91.55378
41.64506,-91.55373
41.64513,-91.55362
;
41.63168,-91.53853
41.6322199,-91.5385
41.63352,-91.53841
41.6336299,-91.5384
41.63396,-91.5384
41.63401,-91.53839
41.63409,-91.53839
41.63415,-91.53842
41.6342,-91.53849
41.63421,-91.53856
41.63426,-91.5387499
41.6342799,-91.5388
41.63432,-91.53883
41.63435,-91.53883
41.63438,-91.53882
41.63459,-91.53871
41.63476,-91.53863
41.6349,-91.5386
41.63506,-91.53856
41.63574,-91.53849
41.63584,-91.53849
41.63613,-91.53849
41.63647,-91.53848
41.63745,-91.53845
41.63818,-91.53844
41.63854,-91.53847
41.63891,-91.53855
41.63918,-91.53863
41.63979,-91.53889
41.64007,-91.53895
41.6403,-91.53899
41.64086,-91.53905
41.64159,-91.5391
41.64218,-91.53915
41.64256,-91.53921
41.64423,-91.53964
41.64453,-91.53975
41.64473,-91.53981
41.64524,-91.53995
41.64553,-91.54003
41.64566,-91.54006
41.64579,-91.54008
41.64649,-91.54008
41.64765,-91.54006
41.64774,-91.5400499
41.64907,-91.54004
41.65019,-91.54009
;
41.6601799,-91.53583
41.66017,-91.5359
;
41.66017,-91.5359
41.66016,-91.53601
41.66015,-91.5361099
41.66015,-91.53753
41.66014,-91.5376299
41.6600899,-91.5377
41.66004,-91.53773
41.65997,-91.53775
41.65954,-91.53775
41.65921,-91.53775
41.65886,-91.53775
41.65841,-91.53775
41.65806,-91.53776
41.65801,-91.53777
41.65798,-91.5378
41.65796,-91.53786
41.65795,-91.53792
41.65796,-91.53876
41.65798,-91.53945
41.65799,-91.53963
41.65801,-91.53999
41.65809,-91.54162
41.65808,-91.54176
41.65805,-91.54186
41.658,-91.5419299
41.65791,-91.54195
41.65781,-91.54192
41.65728,-91.5417499
41.65675,-91.54156
41.65504,-91.54087
41.65397,-91.54057
41.65363,-91.54052
41.65284,-91.54041
41.65244,-91.54034
41.65057,-91.5403
41.65046,-91.54031
41.6504,-91.54035
41.65039,-91.54043
41.65038,-91.54052
41.65039,-91.54083
;
41.65782,-91.53778
41.65783,-91.53615
41.65784,-91.53486
41.65785,-91.53473
41.65786,-91.53468
41.65789,-91.53465
41.65793,-91.53461
41.65797,-91.53459
41.65805,-91.53458
41.65851,-91.53457
41.65879,-91.53457
41.65898,-91.53456
41.65931,-91.53456
41.65983,-91.53455
41.65999,-91.53455
41.66004,-91.53456
41.66011,-91.53459
41.66015,-91.53464
41.66017,-91.5347199
41.66017,-91.53485
41.6601799,-91.53552
;
41.65782,-91.53778
41.65783,-91.5377199
41.65786,-91.53768
41.6579,-91.53766
41.65794,-91.53765
41.65828,-91.53764
41.65854,-91.53764
41.65872,-91.53764
41.65899,-91.53765
41.65926,-91.53765
41.65948,-91.53764
41.6599,-91.53764
41.65998,-91.53761
41.66004,-91.53757
41.66008,-91.53749
41.66008,-91.53739
41.66008,-91.5358399
41.66008,-91.53558
41.66007,-91.53545
41.66005,-91.5353499
41.66005,-91.53527
;
